Kruskal's Algorithm: 
MST Weight: -316271
3399 1616
3418 3099
1310 787
717 225
1980 137
44 2648
2207 461
372 552
2183 2737
3111 3260
1344 435
1628 2400
3753 2502
2864 2820
2669 1182
1502 2611
3021 313
3274 1631
957 3413
2094 2407
669 3830
3640 458
74 1446
527 2805
187 3771
870 2826
368 3281
195 3149
965 203
3729 3093
1209 2168
463 1767
1224 2413
2400 1733
2798 929
1182 74
555 48
3741 2175
3260 1385
3189 2373
2342 3841
2420 2934
816 2293
3300 2249
403 500
2303 1732
1573 2390
3472 3576
920 1795
1841 3001
3349 3079
3614 2
1702 3904
1595 191
2493 2280
172 1882
3688 2610
629 721
2915 1652
629 890
1732 95
2580 230
358 1714
1740 53
603 3805
3424 1513
86 596
1960 1049
734 1864
1715 3629
3473 350
1056 2031
3508 398
3706 1848
3812 2323
2261 3882
1138 237
1647 154
3862 1043
1138 901
316 672
2361 1222
3202 1542
3157 123
2291 1437
476 3845
3328 285
1886 3911
789 156
78 2855
453 726
3386 950
1376 3242
2224 3083
931 3072
1815 206
3892 1865
3860 1576
1752 2289
2391 2653
1130 922
2037 3608
3666 3528
502 3470
2346 3845
1874 944
428 1795
2231 2710
29 551
2346 3865
2751 1894
3941 3480
2347 3087
85 3531
956 3082
2411 3322
2102 1140
698 2935
3291 890
746 1146
486 2805
2638 1417
1131 2644
4 165
3804 759
3680 2439
2926 46
2898 2425
3367 1256
2918 2535
2275 2071
1632 2291
911 578
277 3147
1807 2563
2504 2964
1518 1979
3329 465
1488 2306
822 3288
1334 2313
401 2366
2301 1309
994 1457
3188 214
2995 3491
2425 3289
3505 3058
2798 213
1564 3837
604 1924
1752 2693
1720 1303
3109 1311
742 1203
696 3072
1313 2504
2805 2089
727 864
1037 1657
3387 3657
2906 2178
1358 836
2001 1463
3640 3387
244 2477
2606 1100
10 2542
801 1448
3686 1794
3611 2112
1979 3957
1827 2018
814 137
918 2460
1953 3758
325 3763
1017 3352
1459 1814
1287 2983
1495 658
2431 393
381 2911
337 2481
523 3810
3154 2941
3126 2640
3214 3937
1794 389
2693 3521
2651 695
918 1640
1596 1088
770 1496
766 1613
3952 791
2056 348
17 236
2367 1536
3384 286
2944 402
1330 2239
95 2367
2563 712
1775 2227
551 3760
2236 3499
826 3794
3522 729
511 72
3865 2824
1696 3291
2484 1519
2219 3134
2786 1839
2062 2421
2913 1246
536 738
1839 1661
66 2868
1907 1726
233 3506
3242 2946
2478 1530
2535 3448
760 1103
3645 616
651 3505
229 859
2459 275
851 3959
2008 619
1767 2739
3655 2486
3767 1995
447 3420
3714 3496
41 3197
2649 2016
3301 2747
2747 1790
2857 2685
1757 3679
2123 2966
494 2138
529 1315
3133 1566
49 733
3445 1644
562 3675
705 3258
2082 1755
358 2951
542 1606
1977 62
1665 283
3653 2156
2756 265
1051 3919
2976 2102
1541 3480
1095 1306
1859 2756
934 165
3684 3854
3926 3932
1084 401
2289 182
362 876
1392 2515
1047 1749
3992 1846
3739 82
3660 3196
1695 3777
1735 2898
394 3384
3957 105
663 2960
920 1297
1269 2381
342 1985
399 962
1758 814
1618 2720
1542 3841
1567 1255
2906 842
778 1727
884 780
3310 2619
2472 121
1140 867
3770 115
3354 1972
343 2866
2824 3435
568 2430
248 672
84 184
2855 3881
899 2106
1729 536
3269 3113
3248 317
3484 3342
60 1161
139 1015
3137 3024
1684 693
2055 1964
2244 3171
3782 3612
3278 1716
656 1233
1733 2172
2618 1352
754 2236
1536 3999
3649 636
3466 375
3703 2778
2005 2318
1740 3574
217 3969
3114 811
72 1972
1445 3345
2617 1821
2300 696
2467 1326
3067 3119
3425 331
3378 983
867 1598
2882 747
1997 2691
2505 2266
626 2776
3979 1540
2474 3848
1502 2829
932 113
1184 3943
1473 1599
323 2900
2724 1864
979 1275
3290 2166
363 2714
2802 1558
487 2061
2410 1139
735 3359
2439 2434
2869 896
1678 1149
1962 1381
2306 113
1045 253
3907 1183
1464 506
48 96
2961 1789
2694 3991
914 3252
1111 3307
204 3690
2042 1249
2650 2788
2350 735
1368 1695
1602 229
2254 2882
62 2107
600 3849
2937 2281
2077 692
2981 2886
704 459
1254 1510
2321 3676
1070 911
1573 2384
1327 879
3758 305
2125 3729
2963 1173
1765 1175
575 236
1178 1745
2833 1284
1586 2680
3113 635
2176 3505
2011 1062
2668 751
3311 1279
1908 3617
3843 96
2688 1459
2321 2342
1850 2467
183 2972
709 2460
945 2696
1357 1040
1952 509
3487 123
2900 107
3284 2332
2225 753
2221 2876
3359 3457
549 2004
2675 3208
3588 1460
2580 3058
2120 3401
7 1260
1373 1171
2583 50
286 1330
686 345
1369 1696
2294 557
1472 3999
1522 958
1633 1897
1929 2842
946 1430
1716 3192
3762 1314
759 2468
1851 1085
2115 2447
3985 2566
2634 3822
144 2553
1137 2357
1425 29
2246 1593
3059 2743
171 2021
1875 3368
470 1963
3808 751
1957 1638
3333 2915
3271 115
951 2879
2790 3175
1438 1005
2799 3826
3972 1605
1778 1807
3708 909
974 871
2943 3243
2224 660
2421 2634
3023 1725
3399 2755
1562 3830
3244 1688
1251 2266
3546 481
2018 1944
614 3751
1044 3711
3369 572
1035 2867
25 3369
1516 3423
2587 1818
2830 3257
1148 671
198 159
283 3629
1933 3252
919 2138
3274 3129
917 1118
1054 3048
1364 2358
1596 2876
1244 1249
3389 549
3249 455
506 1618
1278 2449
3892 1033
931 1486
537 619
1577 690
1544 774
305 1060
2522 502
1966 1350
663 2978
3507 2729
3428 455
1082 382
1028 2313
1804 1712
200 351
44 3526
1913 422
2346 3487
1081 1936
2504 940
3340 3249
529 601
2049 1390
731 476
134 884
267 3460
2177 2813
3395 1615
15 3233
16 1839
397 2270
2136 464
3382 3908
1133 1898
1581 2493
1525 2109
1101 2117
1372 2903
1039 881
2458 1446
954 1350
1594 968
498 492
720 1547
960 2952
286 1381
3957 2296
294 3421
61 1628
512 1350
3600 2540
1833 846
1258 2572
3079 61
1694 1913
154 1264
98 414
2104 1497
2792 3864
213 319
514 3895
378 84
403 414
307 3539
2546 1628
1447 3236
3131 786
1318 1433
440 3062
298 1503
843 1013
2903 3857
2965 1258
42 3070
2831 2956
849 958
1379 1731
1516 1996
279 1374
3115 2665
2013 1297
3325 1508
376 3391
1485 3333
2770 587
2213 3191
120 3891
1331 2890
3385 185
2528 50
1174 1298
275 1941
2890 3042
3958 817
2333 3353
3344 3928
2926 87
871 3331
3115 3140
1076 870
3778 692
1972 548
857 3102
3096 270
3050 2709
1928 2397
2172 2749
2823 3165
3491 2788
670 571
1980 39
2741 1804
732 721
372 2437
3957 908
1520 2612
882 238
828 1157
926 571
1670 1147
1567 869
2954 695
1221 1777
1102 2664
3319 2862
1282 2507
8 2510
3420 2309
3412 1193
3328 136
1334 2135
655 2417
3973 796
3039 1141
886 1814
2990 1781
1436 3743
3091 663
2876 432
844 2253
978 3136
3078 3215
2204 3176
2516 3596
870 2971
2243 3361
3482 3821
487 2054
1244 3708
834 2324
2234 396
1310 2063
2593 762
14 966
2167 1421
1239 1418
558 3229
1160 2641
596 1576
2456 2126
807 2092
779 254
106 749
3242 2743
2439 728
3950 884
2764 3488
1656 614
3807 1582
3911 3945
3894 935
3830 1357
1531 3333
3257 1200
2262 3581
305 352
3049 3081
1188 2692
3313 446
3599 3547
3302 3016
1085 2767
1173 2282
2471 875
614 1585
3831 220
467 1095
418 1026
954 1977
3635 590
3229 89
1532 667
1890 1341
2770 65
1876 3510
2095 785
966 3511
1512 1230
408 465
152 972
3403 3089
1958 3043
3359 3574
2133 826
2887 3814
3651 2134
3777 252
2592 2377
1702 3037
953 2875
3631 1986
2765 2951
272 131
3054 988
1271 1981
445 2253
2050 1871
706 3674
3491 2921
652 2261
1569 1810
756 1638
2491 2877
1073 314
3421 3375
2585 1849
3229 2881
114 3055
1847 2263
1829 3599
1874 3031
1014 2769
3244 1634
2458 976
2468 3491
630 458
3738 2902
3994 783
1095 3396
1716 3705
633 3080
3253 2870
2428 3643
3922 2824
3604 432
1635 948
691 3392
71 1585
3031 963
1107 422
568 1722
2250 1928
1473 2890
419 1865
3138 3019
407 3167
2472 2636
626 2090
1577 3076
2688 2219
1701 2900
1774 1956
1236 1533
2930 1215
3556 1098
558 162
2841 3361
3044 2163
1443 3479
3855 464
653 1409
15 1105
2734 2280
2192 1984
106 931
1962 411
3102 1141
1577 2663
1224 1116
3632 2979
354 937
49 3061
1772 583
47 2308
3205 1035
710 1752
3885 1524
1348 284
1540 3215
1678 3317
3278 3722
3015 973
748 2029
937 2730
1077 1292
780 929
2151 2920
2437 1901
1191 1400
3583 1641
3118 1545
2944 3808
2104 1479
2729 2575
3218 2774
2553 1126
3937 3729
2038 2005
24 3134
394 1151
3023 2087
1032 1999
421 3528
1317 487
3288 778
2272 1661
2333 3135
129 2470
3710 3746
2015 3059
296 2088
1414 802
3323 583
1526 3824
3053 645
2080 802
62 1466
1507 3087
1110 913
1322 2584
677 2809
1826 1277
265 2266
2244 3664
2666 2217
575 422
3261 1411
406 2848
1043 1187
3348 2365
3798 3160
1458 2851
3540 742
1889 726
2700 2632
507 3754
145 3196
1623 2370
2951 1077
1016 251
2461 86
1217 838
1160 3272
2893 3052
820 260
3913 1930
1296 900
1234 1275
2416 3569
790 405
2922 399
3340 1654
3035 3621
3847 3321
3654 3106
2040 1896
2700 2531
3082 1363
2095 1639
589 763
1221 463
983 1118
1542 235
344 2753
1863 1687
1288 3579
135 3956
1957 1220
2932 1671
738 3331
3732 1725
66 2939
1823 3827
3421 491
2744 28
1308 863
2658 2824
3864 1948
3288 2527
1619 1967
2117 2247
3509 1930
1801 3295
96 3941
2751 1947
2524 2231
1077 1185
485 3437
1748 600
1663 3177
1269 3786
889 3214
95 2643
357 1508
3359 130
1743 3724
756 685
2974 2077
160 1285
1702 2872
1595 1871
3069 258
2173 2419
373 1575
2625 1872
1459 1836
2947 2617
646 3034
3791 3179
2483 1364
1062 956
272 2918
766 1456
1737 2826
3847 3372
317 1695
2485 1231
1853 3910
3305 2672
1157 2619
2435 3535
3380 3666
3405 3823
1538 2188
1163 2592
1753 2099
2030 672
2553 54
1739 731
2888 435
3511 2033
2797 151
1748 3610
195 1417
3222 1763
1061 891
1499 1549
761 3562
3976 2801
942 1372
3033 783
1377 267
1498 679
2359 1100
2047 3962
1367 543
3037 211
3629 2817
2511 2020
1738 2175
831 3930
2239 722
1218 1232
1194 186
400 751
1924 1236
2682 707
321 2403
3598 1092
3572 355
2534 1602
3357 2682
2986 3179
744 1162
3638 1046
3081 1969
2442 1975
913 486
1414 2124
2499 1355
1238 3945
1150 3525
3777 2675
2187 3558
1699 2123
2479 2098
1729 812
1275 1786
2607 3860
2541 3636
3185 1669
3852 3328
624 3320
1144 1746
1864 1524
2125 1721
1094 3965
2942 1572
3095 2177
1896 1625
3753 869
3959 3921
1030 3423
1892 2430
2457 890
3566 2956
904 81
3670 3101
2928 2864
2889 474
831 3280
1744 12
3127 1924
1209 3714
35 2108
442 3509
3222 3808
82 1737
727 1916
711 1918
1475 2138
1226 3841
3825 1935
1467 797
2473 3542
1505 376
2999 874
3020 678
134 1238
1889 2176
1734 2904
226 3113
2118 527
3042 585
1523 1192
353 3260
2212 1212
2208 21
3413 3076
526 2850
3050 3919
2913 3526
1863 3168
1750 3144
2897 3522
448 170
2398 303
1972 2219
2440 3472
2370 287
2030 486
3750 3212
951 273
680 976
8 1203
1433 3577
3333 3572
1874 3061
2234 819
3096 1604
1661 1572
1672 164
3106 2920
3633 479
2351 2424
398 2026
287 3325
56 3985
2045 1956
3949 329
2913 3678
379 1937
2291 234
2815 1345
3502 1491
1485 453
2433 764
3721 3285
2430 71
3308 333
3821 3290
2015 1800
803 1380
3308 977
3554 1784
1036 3592
2657 1346
1739 1157
3015 3919
2786 2687
990 487
3055 2087
798 2770
3883 310
2680 3874
2127 3078
1540 3514
3553 714
3318 717
2665 692
2578 3433
1449 145
1569 1585
2261 3352
2330 109
3178 2423
1043 1445
2350 2113
3376 2704
556 1585
404 1014
1603 2264
3893 1130
1053 1647
3950 3280
2718 215
3265 1272
553 1938
1679 1554
2063 3606
1089 3218
3034 1487
2741 1711
116 3450
1679 2457
450 2267
1465 1315
1771 3347
1123 3878
2743 2173
3584 1048
3618 3971
3796 480
3667 592
3582 477
1541 1820
3470 1275
2256 1074
2106 1870
939 1246
1524 1355
3909 3592
1507 128
1675 2026
2027 2866
2208 2085
125 1986
509 1620
2359 1637
3736 872
3861 715
3410 177
2779 2618
241 1537
2301 887
767 312
975 1978
672 615
403 1929
287 2003
3431 3863
2021 2639
1938 1783
2495 279
1180 3866
134 834
3505 3949
1566 1394
2181 2907
2522 2502
37 1972
3730 141
1434 1421
3030 170
3335 3379
3175 565
3398 218
2556 3460
1881 353
62 922
1178 990
3403 3186
2079 260
1657 1455
3791 3789
1 1577
249 228
2628 436
3092 208
176 1117
1631 3454
726 1078
1072 2035
1645 473
3128 3884
3299 1757
3212 1308
3664 1560
186 15
1783 822
2612 1287
3763 110
3806 121
3222 1981
3622 3084
758 1535
3854 1241
1119 360
1158 3393
244 3538
3622 2235
3413 232
1045 1206
3821 271
497 1363
3451 2970
1896 1281
1718 2030
638 1461
1387 728
1951 715
3709 886
764 211
754 3133
3186 3562
1084 1190
3708 1860
2523 268
154 51
2866 2730
1457 2847
1754 1855
1856 3361
1552 2149
1641 1267
2341 2917
220 1151
2434 2650
1997 1090
1744 3349
2623 2421
3127 2427
1277 111
258 2134
2619 2871
669 1061
1002 2597
249 1161
2450 3226
559 437
2342 3065
3620 3175
3207 1541
3869 3342
3994 7
1715 3369
1854 1655
374 3409
1760 2268
3005 2518
2036 2130
1999 99
2574 521
559 3380
244 1301
75 3969
1691 1308
759 3505
2895 294
2433 4
918 2307
3478 2314
3954 724
1272 3093
694 319
364 1110
2756 473
1481 3064
392 837
3104 1203
2076 271
2555 2280
2020 3029
2889 1107
1898 2713
2302 3139
3642 1784
1804 632
865 1550
584 3923
3145 3971
1310 2454
1730 617
887 3330
1144 1228
2506 1965
1042 3243
3601 819
3644 146
1898 477
798 1938
2848 3690
2583 3669
1407 3525
1252 1957
756 2875
107 332
3205 1785
263 2662
2519 2627
594 3813
2848 2888
3982 932
2432 3503
1349 3383
1820 3811
2064 2193
3947 3990
559 3418
2069 3225
488 1681
784 2697
2212 866
3575 587
1570 1611
3464 951
1841 415
3023 3945
93 3028
1070 3245
1667 1836
1989 2065
1332 3203
3333 1429
2263 2009
739 1048
1317 1257
3370 1504
2677 1976
2144 3387
2631 2825
3572 2504
1675 986
519 558
2968 258
971 2339
435 2345
958 698
461 3482
838 2854
906 1380
1986 928
3228 1645
1120 1665
1313 1189
580 584
1293 2688
3682 1761
398 1661
3178 3855
716 2111
2953 3363
2723 3001
508 1308
1718 1732
450 217
2573 1588
1948 1131
1092 2938
3119 725
991 2343
602 3604
333 1068
1534 2589
1205 3004
3142 1480
2140 1667
3565 485
1458 3938
3193 936
3993 863
1972 1673
1179 826
3622 920
2988 3913
3590 3093
3541 3286
799 3663
3166 1165
1808 2249
2033 675
3716 1767
1762 1778
678 116
2387 341
2523 2482
3027 2233
2359 484
3615 2178
3875 481
3971 3729
1807 3073
519 593
1180 2836
169 1681
1036 990
1838 2654
2222 433
2040 2725
2497 1374
2560 2807
3679 682
3059 1420
2180 2106
3855 435
1521 3017
1016 1364
3084 3999
392 36
1148 2691
1969 3188
625 3983
2165 2658
3035 2253
1041 1913
1608 3052
3617 3413
2560 1736
1785 2213
2448 1329
3852 717
2112 1095
3576 2632
2876 2954
1619 463
56 3382
2080 102
3871 448
162 2392
2650 905
1956 1792
1263 1647
2166 1799
3358 3403
2598 1095
0 2486
3248 213
261 3187
275 3302
2253 1832
1754 2129
861 3052
1455 2329
3664 661
2777 430
13 2450
1851 3526
2224 3635
113 1956
2188 2233
3715 1197
850 2378
2961 735
588 226
3867 370
1182 2870
2049 2307
1928 3150
1476 1296
3452 3964
1117 2881
331 564
2501 1864
3973 2936
868 2384
1784 3818
1035 3133
981 1199
3072 2858
3158 522
453 688
3757 1093
843 2500
2321 1006
1036 773
3869 3072
2439 2911
3721 1135
2952 637
3808 2361
1817 2717
3664 3836
40 942
1996 3835
3706 1448
3854 3376
1642 523
3611 3200
3984 354
1690 932
3820 577
160 2056
1548 3891
2193 2677
1080 2864
1451 2540
1878 2629
637 311
1785 2850
1592 3477
3086 1169
414 297
1447 3631
3086 1056
2379 3341
1851 3204
2564 3085
3763 142
953 449
243 3185
1582 2197
293 1045
1803 3330
1191 1589
237 845
3186 768
2605 1286
885 1436
1670 741
3958 137
180 463
2436 1633
128 3525
348 1997
621 810
3973 3407
2539 1233
2522 1182
3956 3597
1091 1849
1571 3635
1437 3523
2163 1695
3061 1781
1024 3659
501 2339
749 1477
2142 2017
2547 1908
1175 3198
2391 544
3174 356
3707 3033
1666 1528
2061 1713
1116 773
3735 1740
2994 694
879 503
402 753
3509 3568
2061 2585
1840 1020
18 3606
3062 3293
1927 918
2849 328
478 3263
3167 1514
2729 3581
3180 3680
763 2322
1933 1214
950 3940
2927 3235
1347 2441
1255 3471
3871 2730
77 2453
334 3526
196 496
2987 220
2382 3180
820 2998
302 386
1670 3138
214 2042
2352 773
3055 2272
951 2807
3488 2918
1855 1677
901 3947
1942 2272
442 1709
466 159
2658 645
2704 38
1766 500
3317 721
2151 1170
2421 2994
2777 615
633 1786
646 206
929 0
1996 303
3515 844
2657 2902
1426 820
240 2920
333 2775
2981 2513
1804 869
2850 3289
2 1815
3869 826
3587 739
75 1824
3808 3637
1134 745
1706 3301
622 931
590 1032
2528 2995
3960 2451
34 401
2708 907
2056 620
2365 1524
1040 190
2716 3659
1510 997
490 1783
3861 3922
3332 290
3047 1069
1174 963
1240 1457
2136 388
370 790
1701 1503
336 1489
3938 1597
3158 3888
811 628
1281 3627
2068 1897
321 27
2112 1293
982 3817
41 47
352 1417
2946 1439
760 301
939 3074
938 502
2703 827
126 1220
2595 3096
907 2036
3557 404
873 1030
1099 2703
965 2775
911 1393
1029 2231
1957 1899
3867 683
2255 2894
3982 1440
3766 3285
680 3284
3702 695
480 2713
3707 3048
1734 3808
416 2056
2840 2601
724 602
553 366
992 1125
3590 1972
254 237
582 1486
3411 3421
1146 1161
2495 2138
1636 2068
82 487
422 497
1416 3118
1958 1951
3811 276
1699 2037
2656 3093
1296 3417
3751 709
2538 118
2240 2527
2369 918
2492 3995
1840 1460
232 1984
3099 2530
355 3588
3695 2628
3864 1593
2222 1534
1449 3357
663 1099
2889 1308
3276 590
49 1317
3304 2789
3748 512
487 1184
1234 886
618 2713
1961 3051
3560 1127
6 1214
3992 549
2855 1022
3355 209
139 1893
197 1137
629 454
1647 948
660 1393
2894 2458
1675 1826
488 574
1235 2490
3946 223
755 1402
1764 2490
2630 2454
3799 3712
1926 3123
1202 1958
1178 2524
3872 1545
765 3837
1592 2474
1563 3695
1401 2012
1850 1044
2122 2907
2470 1995
149 1850
1186 585
1171 108
645 3928
1949 758
609 2283
420 2307
1343 38
1468 2201
3768 1188
896 2071
676 40
937 1714
3112 1858
3557 24
2470 887
3256 1849
3168 856
1757 3180
3349 3411
3881 2272
2286 75
2635 1214
2273 1676
386 2120
2079 2566
2302 162
560 2816
2492 2330
2412 1246
2940 3170
1424 2540
1638 1148
532 1521
632 2066
284 3947
1736 3200
2769 1471
197 3468
1192 2233
2665 169
43 1031
2274 448
3545 2060
2853 1273
3066 170
2155 261
114 2629
1334 2139
1852 1252
2183 1518
2981 2518
539 1093
2386 277
2540 3345
3130 1233
1178 2319
2409 1926
755 37
1298 1364
2986 2981
2909 651
3703 1952
125 874
3086 2135
2446 2652
652 3995
10 2706
1626 3380
3873 1178
2899 1979
697 1035
1231 3028
203 2112
1949 2915
3813 1033
3410 518
1237 1593
779 1161
2176 1423
3024 3822
390 1595
132 2440
56 587
992 3282
3597 3169
1264 3608
2356 2116
1634 2617
3654 1954
46 2661
1374 2755
1851 3723
2748 519
1975 3295
1559 3015
2528 1430
3973 2050
977 3970
2049 1403
612 1019
2949 2137
2279 352
1277 2016
3145 202
2659 1457
272 1658
3816 1936
1693 895
3437 2359
3398 1011
3931 2172
3188 3934
3303 2931
1872 2987
1488 154
1102 928
1567 3501
29 2267
186 1733
3567 2942
461 336
102 1689
1343 2624
726 678
230 3478
3895 2077
1872 3092
2546 3949
2208 2967
203 672
469 2522
1724 2708
2722 2991
2681 2105
2186 2529
2539 1807
813 420
634 337
3760 2637
2930 3952
2904 3486
3721 3195
2320 3333
428 638
2571 2746
295 655
2012 1211
3494 1398
3768 3104
3659 2279
3325 1817
2956 460
3795 1978
282 879
1746 1787
363 2959
378 1321
1407 3855
1145 998
3657 365
3687 711
888 3544
972 3135
2030 1971
3105 1059
549 666
375 2639
357 1492
3861 840
2888 71
2048 1449
819 3356
710 3288
2895 3094
2752 3204
1122 3466
3611 1606
1495 1588
1268 3153
1224 3138
431 1643
1648 1062
3776 1064
1716 1714
118 2289
1234 3174
1339 3549
2605 256
187 1394
772 3115
834 3337
118 667
3222 1464
2108 0
56 3434
418 983
782 876
3529 704
2722 3473
2633 3616
278 3722
3575 2786
1250 3009
3938 409
3752 1193
2808 120
1219 2194
3647 1787
3088 2675
3555 3900
2926 319
3313 1851
1923 2873
137 3075
3159 2452
1258 1909
578 3916
2200 2787
598 1013
1841 2779
1731 3583
1434 3816
2824 1275
312 2150
1352 3494
2635 2233
3292 27
3816 2543
640 2266
2893 2136
2594 3429
697 138
1688 1770
3364 2993
3549 288
639 1095
1720 1357
75 3467
1964 611
500 2211
978 592
170 3663
192 503
21 1646
3270 1796
2893 1374
3352 3135
1173 100
1704 29
2471 1966
3747 872
949 673
824 3139
1381 3281
1062 1212
133 934
3752 655
1763 153
2983 2257
3606 2491
2274 1110
3629 2849
1905 855
3926 3435
1054 2836
1347 58
18 1136
394 3962
1146 3417
2480 3347
1435 3028
2503 2382
2249 189
995 2932
918 239
3569 859
2239 371
3272 681
229 2920
3928 1595
3002 1263
55 1760
272 2332
1750 1501
3159 309
3605 2229
1076 337
1215 3769
3217 2919
104 1362
659 172
1973 2475
974 1106
1482 2301
2611 3852
1178 1431
52 98
326 2123
1238 1977
950 3069
275 1129
2177 2042
1869 1887
3387 3901
1867 2100
2182 1977
1361 2722
86 986
494 3984
498 273
2425 1982
2129 3147
1277 3151
2974 1858
1856 2226
3216 3153
2021 2628
1689 2764
1880 2118
2128 665
3295 1683
3534 1167
3286 1307
3412 3890
1055 2949
3136 3782
1933 516
3667 2454
3922 3619
167 2877
3901 1776
1897 3908
1220 3510
1809 369
1115 3547
2579 2930
3205 1057
3437 613
1219 635
1826 157
1032 823
124 1103
1716 1350
749 3240
3466 3551
3731 2830
232 1320
1812 2137
1127 522
741 3564
2357 962
2440 3483
164 1354
3340 1732
1178 1708
3704 664
1557 3257
1768 1143
2698 2354
2795 115
2029 972
1555 3327
3121 1391
64 3053
3114 2605
1095 1357
2773 1142
1854 2449
3130 2414
3244 3448
2366 3921
1909 3087
2718 3701
737 3382
2900 523
3989 2091
1574 3888
3396 914
1224 2969
2465 3812
2179 3491
1757 1461
1553 3087
2213 1139
3091 3438
2673 2063
1579 232
748 665
1755 2087
97 720
3585 1276
411 2162
992 3430
821 2217
2053 1825
3805 1480
1987 1445
1525 2941
3569 2445
142 2781
3580 3668
2653 698
1633 1492
731 3520
396 3529
1041 980
1544 911
2734 989
814 542
505 2875
2000 2204
663 2593
3696 282
1459 1213
1808 1323
1743 2283
3106 2094
2052 371
155 1180
1773 2215
3872 3217
939 1801
1061 1155
288 3136
1025 501
794 2744
2898 1030
1495 1684
1906 1024
3528 2504
1272 3319
3911 142
2237 3423
1239 413
3081 1217
2505 2491
535 1181
1787 3957
981 370
2 757
2356 223
1965 170
3820 1660
2797 362
2762 2549
3758 3869
409 348
2177 3210
2408 2444
3163 3068
70 3126
3087 3957
1484 1175
2057 1680
449 3247
1853 1433
3501 3440
2839 478
2083 512
1447 3989
3652 2631
764 1243
3429 3540
550 714
1047 1324
464 117
37 89
2851 669
2143 2740
3904 3934
3951 249
2583 1370
1939 3093
795 2576
3520 94
3096 3542
1129 3339
1934 127
2080 3646
1315 3761
2020 510
1342 1109
284 3530
3345 160
3984 3277
435 2873
3893 3098
93 2923
3870 3816
2201 2172
1352 2144
1788 2166
786 1154
1937 1148
685 3563
273 3331
696 3572
137 2105
1882 410
3946 2722
3766 286
862 2720
66 2438
3570 1782
3675 702
3073 205
1913 2268
2217 525
1665 353
879 124
2130 36
2698 2132
2388 1145
1360 2133
2317 1223
226 2695
3585 3338
2505 918
1532 1170
692 2280
2277 3243
1305 3686
1777 683
3988 3536
288 781
1698 172
904 2063
2687 1621
2112 2578
2797 3447
1115 679
1096 328
114 3880
1944 1464
1172 44
1751 943
452 2481
3429 142
2097 716
960 1298
928 457
1456 1090
3037 3769
2810 210
376 2576
1751 434
813 1367
2952 2943
381 3961
1785 2174
3963 2606
438 1272
2623 59
1405 1877
1353 2183
302 2436
2608 395
1784 3984
3394 3929
1764 2891
2218 842
3047 2412
3887 1195
973 1511
434 305
530 1549
1278 573
2548 1809
874 464
3029 2481
558 3371
3897 803
598 2611
1734 3445
156 1085
3334 1185
861 3011
3492 1632
723 3712
3779 3562
1342 128
2719 3899
3239 112
534 3211
966 2532
732 2283
3025 1461
2674 382
3666 3665
85 2669
2005 824
2817 1473
2808 2527
683 2553
1746 717
856 3259
3834 2646
1412 2820
968 1580
416 3273
1488 2509
2475 2984
921 2346
1893 234
530 2144
2356 416
1912 3871
1436 3614
1220 2966
3392 1327
318 1046
1735 1727
3983 2444
849 568
3479 3335
2659 1815
2130 1514
3970 1806
3106 1328
1919 350
3061 1171
971 1504
2189 3705
2738 1033
365 828
962 2686
364 2284
3478 1278
1329 1569
169 2448
2380 3357
2207 2404
2931 1548
3348 3626
1778 3523
62 3317
1889 3849
2696 987
3026 3828
3733 1332
30 489
3206 3495
2599 1962
3477 3750
1531 2806
692 2246
77 2289
1235 3368
1988 2154
2635 2972
2533 1545
2103 819
2954 1924
3789 696
362 695
2100 2635
1986 3242
651 627
74 2975
3454 1581
1662 2136
2477 1886
564 2328
1169 3794
1505 251
1724 3199
2132 3637
2976 1317
2072 2991
3014 1857
954 1219
362 964
1458 975
984 3790
3186 1141
934 2408
1067 1487
1525 2549
2250 2052
483 1365
641 1483
775 491
3839 1868
196 199
2982 1941
2115 1343
1980 1338
1419 1040
2799 317
2077 2476
3506 663
1583 609
1760 2511
1801 2799
1950 964
1224 2560
272 151
2450 994
201 3468
3397 3281
141 3885
3953 3514
2685 3600
264 2530
2761 351
1017 306
3767 3004
2288 1784
3144 1026
1364 2340
277 540
1888 864
565 285
1412 1363
3742 2861
692 1408
2181 3754
3039 1126
2244 1060
1006 2778
1922 599
2857 2286
2736 824
618 3676
3010 917
2971 3607
396 1220
1776 2934
3381 3477
855 1616
2230 443
3609 626
2689 3831
3814 3320
2659 1850
3638 3912
2218 1068
2263 3730
3485 200
1207 3924
961 1278
317 591
2496 1965
1377 2211
3732 3914
1403 1163
2197 883
511 1448
3192 2882
11 2095
2676 2428
749 399
3878 264
2700 1307
3411 1917
1489 3323
499 508
1938 723
2513 2315
1559 2307
854 3448
2509 3734
1769 3310
2238 51
785 3238
3698 3331
2911 3187
3348 27
890 141
2782 3966
1737 2521
173 3428
1526 2696
537 862
2875 1343
462 3604
1834 2358
1992 3937
713 672
3990 3773
1031 2595
3023 2933
2520 1194
796 950
3072 2372
10 2044
3290 1883
2037 830
966 2329
935 2472
3600 751
2352 3439
1558 1663
2493 1253
2054 1525
134 2111
2791 2304
3268 2812
444 3126
3902 1586
955 2146
1907 2697
1609 1619
818 3537
3629 1450
3583 746
2543 1714
1384 2089
3536 986
473 1934
1627 957
2477 3290
3136 1235
437 1326
1274 484
2645 1768
3246 1350
3082 1083
2604 2544
1137 3533
3388 2427
3604 3910
1005 2907
2793 1241
829 384
1741 1110
730 720
1438 1000
3899 1799
1758 1415
1427 862
2477 3589
1805 1275
2631 1904
2501 1114
2116 3769
458 5
730 3796
2857 769
3726 1886
507 2191
2182 60
2323 3657
262 3854
3420 1446
353 1892
3038 125
1827 1435
417 1025
1406 1283
1274 1358
2758 3982
3878 7
3482 1639
144 3400
3317 927
1862 3867
1184 394
90 2078
32 748
2501 1904
3361 247
3112 3479
196 3515
862 1111
2322 265
2725 3306
2624 2435
636 1165
2543 444
335 2712
1478 1141
1525 3735
2912 2393
298 3775
3783 2489
935 1882
3379 1247
2463 3487
2763 417
36 3953
2692 2261
2041 3285
3716 3122
3958 1926
2819 2046
345 99
2426 896
1500 2022
1038 124
3725 374
194 1192
1288 3442
2033 1765
2349 3207
89 2742
2149 2169
1058 1598
3970 642
3887 2702
1784 68
281 2153
204 3410
3303 3581
97 1367
1274 3011
2276 3422
827 124
3889 1151
2085 344
562 196
3839 887
1242 692
846 2911
1211 2666
2962 3754
3136 1693
1404 2078
850 1311
2069 2964
342 101
2414 1640
442 3771
424 2869
1659 239
596 3452
3470 3978
502 2577
363 1269
1823 1790
981 3536
594 582
184 1001
13 832
2193 2084
1686 2446
1418 3215
1902 3231
1129 1663
1613 987
3959 3116
2059 3631
3276 1591
2518 2823
880 1508
1286 612
2233 1910
3304 3928
1251 2344
3709 3745
3573 3254
318 1685
738 2514
2760 1921
3365 2224
1026 2122
3875 3761
1780 2607
1176 2051
3406 314
3218 2521
2442 1031
2646 277
471 1892
2922 3987
2055 3115
1135 1288
2580 2424
1999 1232
851 3267
1178 1287
2628 2707
2349 3696
3443 2195
2251 1609
2411 2876
3393 1079
2908 3668
3255 2234
497 3362
747 1601
2490 2645
3617 3520
1712 1400
365 3876
31 3118
3736 3716
1388 1125
2235 1003
2028 178
3736 3142
1190 1100
3086 3298
3177 1811
2924 1179
2987 807
2144 1994
3664 478
1703 1222
518 2021
1494 1493
2771 3037
1664 1885
1435 346
1447 1154
3894 2417
3742 1803
210 1582
3255 3395
968 2418
2370 361
2176 2440
2917 1338
2331 1875
37 3046
2304 2908
1393 3655
3559 839
791 1127
2423 3975
2465 740
3555 3390
1946 808
3654 858
2336 1678
2325 899
3380 532
2780 1170
1264 1366
1342 2215
1115 2078
1816 2453
617 3023
3944 2449
2008 3128
1767 3341
1354 1371
701 2643
2129 627
1651 1379
3384 92
779 1484
3992 740
932 3100
3400 3064
967 1656
2943 1676
1618 417
2315 2064
1395 3560
2940 1137
946 3687
3917 2181
1291 197
1532 3056
2813 3566
680 2325
1643 1385
692 1286
2731 768
3558 2355
1041 26
3595 2628
557 211
2843 2443
80 3483
187 3009
888 481
510 2429
2785 902
2056 1995
2812 502
1314 99
971 3036
2024 1206
2512 1689
293 279
490 1005
3726 1282
1957 3077
1023 2013
3994 3685
2206 1927
1757 827
3847 3389
705 1871
1494 2937
2750 3023
188 3866
1509 1075
2498 2186
1465 1333
1873 2457
202 1759
535 1502
1861 512
1509 1397
1938 3543
3946 1603
2247 3446
1615 1866
539 3195
309 1030
443 2218
3243 2185
1610 1329
2435 369
2567 1145
3830 2187
3230 2775
2452 1540
865 2444
3188 2308
2605 3863
2887 1672
1947 931
3418 1578
1582 907
1726 2777
1992 3176
524 328
3363 894
3119 3273
1617 465
2918 385
3338 2841
1684 755
897 746
2438 1115
2360 2132
1384 1410
1266 3936
3961 384
852 637
3117 2208
2992 3365
786 3168
1171 3227
1879 1668
119 3017
1825 1664
3208 3503
3548 1453
877 3453
2038 2927
1872 1229
2816 1602
1847 387
3455 737
1386 691
3913 984
487 3026
1496 226
2830 2614
1247 1682
1692 1315
2384 3821
1778 291
1011 1997
1200 1837
3267 1500
2283 2973
3070 1185
131 2278
1981 2388
3041 2597
3106 246
361 1087
2952 1210
304 951
3296 1410
2304 1804
174 1622
3513 471
1717 262
2759 610
3634 332
2277 1359
33 1217
2677 2014
1498 1343
1280 2054
1646 102
3661 2498
3187 1453
1983 933
3150 3939
335 1464
209 2033
2150 1185
2273 2838
3902 1897
3357 2874
616 3561
206 566
3650 89
3251 3463
3000 601
2974 2551
3981 3656
1649 2957
1397 1386
342 864
1176 50
3414 2107
1470 1746
2734 1276
3825 2157
3462 3543
66 1920
38 23
285 3424
2574 2995
108 57
1954 255
41 3527
2259 3584
421 1771
3357 3421
2682 1273
3349 3181
3998 1988
360 1874
3856 733
2197 104
3124 2792
606 3912
485 531
1416 233
541 3974
2884 331
1221 3327
3754 2039
3714 610
335 1086
2627 942
3408 258
684 8
3534 3175
372 571
1609 2800
3130 3014
3500 990
199 2126
2063 1812
3104 3032
2423 2057
2893 1823
1510 605
3524 226
2911 687
992 3745
3012 1266
2485 1835
1216 2423
744 3659
2949 3571
813 2265
1123 839
3460 3423
1707 197
187 2067
3592 2002
43 2190
1441 2252
515 3427
1324 707
403 520
3659 2672
326 525
1928 1932
898 2033
797 904
2608 754
2402 3681
1891 3107
913 1259
2137 3783
1529 3327
1319 414
1955 2767
2184 2722
661 40
1645 2667
2952 1594
1777 3120
3217 3550
903 3713
3737 3806
2282 3134
2316 2196
595 332
3890 994
1183 3996
860 428
500 2093
1761 1954
768 495
2951 3206
449 3393
2950 755
3099 3677
969 144
628 429
1017 3823
3071 590
1408 298
2198 1078
3875 1892
1986 3293
327 3829
1939 2195
746 1281
1832 2222
1104 1963
1429 1065
3066 2441
3475 952
739 3399
974 3121
2294 2096
3111 3697
3375 528
3618 373
3216 2932
75 1506
1134 1154
2810 2787
2061 2840
1060 893
816 1212
266 2452
3682 2143
374 2877
3046 1831
1247 2001
2110 3827
866 1565
1098 1311
2571 2729
3085 1818
2017 770
1024 3639
1082 2222
1417 1869
2196 3171
1175 268
3251 2068
3637 1097
3045 1619
3968 829
239 3234
2873 1497
1066 2730
1654 924
3390 1369
3614 3161
2243 2642
3802 1547
2760 2997
2657 3696
1469 2347
1968 3034
2446 3098
2298 3527
3457 3012
212 2972
3436 2995
3324 2505
592 2809
3535 2401
567 3586
1507 166
3920 1845
276 2393
1015 2887
3689 3990
2378 3490
3427 2734
3868 1949
104 2901
189 2293
750 2219
3129 3556
2563 3552
560 1200
1336 2994
52 3819
2541 382
2271 3886
3961 2989
282 168
1842 3865
1877 422
1275 955
3339 2055
970 1259
2459 3309
3974 3209
2974 1160
246 985
1452 1070
1272 2852
1177 3004
3749 2782
2338 2443
988 207
3211 2615
689 3368
2336 2295
3967 2618
1378 2765
857 2227
2971 2086
3676 1515
978 1666
2770 1113
3643 3497
579 3269
657 2537
1300 2258
372 2899
3003 2145
2818 1323
1726 833
3133 2160
918 2541
2202 1227
2078 3733
3021 3368
1304 1457
3489 973
2080 878
3497 954
3955 1647
3929 3076
3451 3067
2292 3030
3153 3360
1096 3493
1297 2819
788 3118
3749 3291
1290 833
3141 2351
1815 222
1010 3068
3103 67
1512 231
984 2772
1365 671
1590 2075
1202 2846
31 653
3165 1351
1345 3003
3885 274
1729 2880
958 1710
3742 103
1265 1148
1010 3206
2382 993
2043 1860
1929 2985
2285 568
1143 424
1742 3637
338 1109
3654 2149
1533 3683
125 185
3131 554
2596 848
3847 1063
1882 2843
2626 3115
1491 2877
1073 3396
3991 1777
1974 2215
558 771
963 1321
569 257
2395 2274
3310 2158
3803 1425
558 3402
2838 3923
3746 3276
3622 1284
2242 3455
997 3055
2725 1383
3539 1906
3060 2572
1850 991
3182 1686
2834 1412
1910 2484
415 3449
1909 3441
2561 1385
1517 1608
2501 1223
2364 3125
2551 174
1501 1671
2234 2597
2021 259
1650 667
2749 2299
2436 2498
3262 1497
339 3574
2815 3805
3264 1239
3847 3220
2387 1730
2266 1705
1189 45
2508 3164
768 2588
2468 930
2270 2183
3442 1697
379 1198
1975 2290
1035 1279
2536 369
3226 1539
3528 1059
2847 2732
3965 2237
3068 1925
2394 1680
3740 3161
198 3078
864 2006
2328 415
847 1876
2929 1196
2919 794
3981 1483
1931 3368
1223 1159
2236 2399
3090 1959
2252 3354
1811 718
1561 318
1779 2883
3886 2645
2050 577
3465 2429
3456 3561
1233 3125
3656 1696
2753 1209
1896 1442
3898 2370
2828 1576
1666 3800
1985 63
1297 3833
1605 214
1939 3956
3713 2253
3924 2860
3374 136
3570 3531
1112 2932
3380 3920
3811 2373
2073 3960
1688 648
2225 547
3737 647
3092 3446
2761 2682
2000 1756
2977 3636
815 939
1285 2141
1581 2701
3809 3502
3877 2045
1325 3146
1462 383
1428 1647
1612 120
1202 2205
2878 3351
2888 567
980 3013
1075 2348
1873 349
3076 916
632 793
2469 952
3321 708
2047 1970
1270 1036
3416 3543
3 1830
3517 589
1664 3545
161 1396
358 2581
826 570
3519 384
344 3512
2437 3638
916 3329
2383 784
2248 1250
1512 562
1668 1155
3775 3481
902 3232
281 1273
996 1643
657 319
2136 3350
2728 2227
2845 3502
2518 2562
2405 427
2397 3458
1349 3571
1119 324
368 3537
1859 2760
736 2035
1900 2881
3866 3851
3221 1454
216 713
450 1294
2973 1796
2056 2374
1946 1722
2193 1124
2223 3976
2702 236
3844 1308
3495 2929
1804 1039
912 3019
3606 3691
3960 772
1030 3143
132 3838
745 2885
1165 548
2405 3927
2686 2706
1776 1325
647 3201
3008 2385
2371 821
3614 2101
412 1145
305 2526
668 3382
1506 3644
3788 3065
654 793
1891 2714
2667 3728
1385 3404
1459 3948
2870 2784
1753 3914
1794 2240
2127 2959
3173 3177
3298 649
1143 2604
482 3453
3399 988
2079 1201
2591 2781
3641 3725
576 2254
443 1021
3336 2306
1644 1168
219 3822
3832 2407
2368 1878
2926 3672
1257 3765
1537 2240
927 1335
1784 2859
2475 2011
2457 3764
3241 831
1168 1611
3073 3444
2375 2211
1657 599
1742 3792
2978 2469
1638 1915
1183 2949
2715 2330
3389 296
1142 3276
2486 2164
182 1256
1158 2735
670 3018
259 2326
773 1802
3761 1649
147 1238
2863 3180
581 3647
3294 13
88 19
2863 533
1034 3453
3101 2401
2692 2258
1475 3905
1331 158
2241 3978
30 1018
1430 2914
2784 586
2774 3007
263 1472
2118 1283
395 2081
2159 3928
736 440
103 1959
72 1822
2718 606
3030 2297
205 1396
1411 987
3829 2572
1298 1998
3906 635
308 2205
3483 224
1352 2804
2462 1146
965 1262
706 2591
1819 1422
430 3593
143 779
269 1030
3784 965
2508 1024
3254 282
3952 3772
3998 155
1607 3082
2528 2023
2860 3250
516 2613
1884 2601
227 1859
3034 3194
2570 2968
73 2509
504 2081
3803 1299
1204 1054
2494 3666
1088 3504
743 681
3935 2793
2891 2569
2148 2366
3870 30
650 638
1276 3419
1355 3609
2287 672
2794 3204
1630 3207
3314 3423
1518 2334
2111 1819
1245 1772
3522 3660
1009 2202
949 3203
3094 607
2654 3189
2220 27
2010 2822
2844 3196
1677 3645
3459 2807
3976 3419
2565 373
1661 1902
2920 3213
1392 3527
948 3022
1092 1689
825 3755
399 1071
2385 1041
2554 2200
3671 641
17 2980
3040 1019
2925 378
999 3639
2396 793
3028 1600
1771 2655
727 3716
1935 717
2152 2746
841 3279
3051 382
2025 544
2785 3330
643 302
3605 609
3853 532
2553 2684
299 2328
3613 1566
179 163
1207 3379
312 3332
1653 443
963 3518
1425 3717
3132 3841
1704 1993
1300 3160
427 2170
1882 3756
1811 493
1534 1197
668 3461
2837 2428
2175 861
1298 3915
1432 3449
76 920
1983 3455
2517 3765
64 479
2311 2892
1302 2716
2335 2948
3591 1443
3578 1329
644 2055
3977 2629
127 3616
1945 2340
2754 2147
3889 3373
3789 1227
2051 3184
139 2034
2097 280
3209 1226
238 1327
1438 423
2916 1857
1629 1589
649 910
2564 3793
468 2163
184 805
1890 3923
726 3315
3312 3002
2664 1674
3942 3141
798 175
2088 3316
456 2302
3500 148
3363 3880
1007 1336
3619 2245
1128 3803
1926 3755
1775 1289
1749 941
1747 326
1809 1104
1337 3264
1564 2076
806 691
3094 2058
1004 2704
3296 340
3668 2690
3351 3977
1508 3879
2410 2678
800 2701
1454 403
923 3882
2225 947
738 2305
3859 3942
451 1326
877 1741
1624 2833
428 699
3802 140
163 2521
1218 3516
532 2896
3858 3880
1121 2947
2893 3700
2472 2711
1776 561
3328 3648
893 427
360 2406
1145 393
2564 2263
3266 3849
2613 3625
2098 2669
3654 112
435 2610
1483 2032
2415 125
1788 2010
1382 2907
2311 3855
1814 546
2644 513
1798 701
1156 183
1413 668
2916 3897
218 2596
1080 3632
307 703
3156 2616
534 2863
2399 257
3392 3283
3523 804
1723 1248
181 618
2214 2001
2754 599
532 115
1793 543
3694 3056
1760 2584
3550 3377
1914 1985
1584 1315
1399 1377
3108 730
245 3488
2460 2028
3333 2883
241 3498
850 3720
3343 2239
1072 2603
140 2616
1669 2051
2811 2833
2796 1069
2622 884
1960 1401
1153 1472
2466 3388
3870 1723
1312 1846
3739 221
3206 3155
1488 83
3110 1808
2216 357
3742 1828
2600 2145
1940 732
493 2683
2869 2209
1719 1499
3744 2899
1700 2226
310 723
933 391
3986 3896
2803 2668
1568 3414
46 1474
2660 2293
2805 3223
2678 3759
1180 3662
2234 2671
2210 3268
3093 3224
984 959
1712 426
3008 3630
1943 1833
2344 664
348 2053
853 3596
1045 3422
1562 3925
1861 2726
3645 3415
2858 3699
1863 67
2232 3520
3294 69
1208 1003
176 792
2595 2865
3819 2478
1183 662
3297 449
552 2814
3017 2958
3765 1295
2590 3266
2905 810
3719 3492
3933 1694
1989 3370
2657 1797
1731 2516
2674 623
1574 3006
2312 3030
3768 91
3846 3120
1263 841
779 2075
3532 165
3718 413
617 3980
1353 777
289 2946
3183 3709
2957 3364
15 193
1691 3553
2609 1549
1152 1753
2835 3935
2783 2745
2019 565
3918 2401
1893 439
3958 2402
2621 868
980 3097
1551 3040
2199 531
3350 2620
3474 433
2422 3645
3001 3840
1380 1164
2745 1068
1614 2841
3386 3193
3306 2827
1242 3469
1385 1108
3926 22
2114 854
2955 2239
2497 347
3999 1543
1375 1061
3692 1607
2394 2161
2905 2233
1785 3653
3839 631
3456 2310
1587 1667
1954 359
3624 2194
2545 3094
2948 1388
3172 3247
1261 3686
2237 3602
1990 936
588 3162
700 3939
1792 2389
1147 88
3817 3224
2464 2376
911 1225
2552 3705
1340 2574
2931 3628
2291 1132
2420 2568
380 2518
377 710
3614 2670
2721 2750
2856 1292
2591 1493
979 925
2723 2832
441 3012
545 1670
1062 776
3392 3997
1844 3837
1027 511
2508 2996
1991 979
538 3574
774 300
3071 2119
3973 2586
643 3896
3214 3326
1556 2895
1546 863
1830 315
320 1637
2455 1656
1012 3343
1749 1830
2821 2189
2557 1859
1221 3842
3288 3063
1024 2353
322 3040
1934 563
3864 1490
752 3914
3366 2207
3797 3919
217 3780
3801 2809
2121 1088
3781 3135
2768 1439
1389 923
3264 2733
2502 3148
1293 2203
2759 2327
1546 835
3303 3693
1548 1462
3042 292
3594 3982
2362 1670
2699 1852
2365 3426
16 3774
2053 2559
817 1903
915 2197
1755 3432
1163 2260
2996 1008
949 2007
1766 674
1988 250
2655 608
3815 1351
1416 2487
1435 1843
1635 892
3776 1627
2423 1527
3287 719
946 2727
2376 153
2131 3437
647 367
2256 3488
2240 20
2550 501
1376 9
1813 1614
3820 2679
2558 3949
719 1158
2766 1698
176 79
2488 1756
2767 3785
1299 3275
3896 425
1954 475
2772 517
2734 2582
2713 2910
2171 644
1166 2437
773 3903
3219 3290
3673 3839
2074 2208
2705 2513
3391 597
2070 2956
2647 208
3055 122
1316 269
202 3658
1356 3309
158 3190
3315 1911
1852 3346
1608 242
1052 2916
1283 2269
3152 3447
3228 3623
3850 619
2757 3334
330 187
3727 1413
3787 3801
2337 1779
3067 1050
1895 1342
289 2525
1266 1791
3892 3476
2575 2602
1607 3237
147 150
1444 288
1728 1070
3276 2363
2228 692
347 3603
499 3057
2412 2945
472 1985
809 1999
Prim's Algorithm: 
Root Node: 0
MST Weight: -316271
1577 1
1815 2
1830 3
2433 4
458 5
1214 6
3878 7
1203 8
1376 9
2706 10
2095 11
1744 12
2450 13
966 14
186 15
1839 16
236 17
3606 18
88 19
2240 20
1646 21
2367 22
38 23
3134 24
3369 25
1041 26
3348 27
2744 28
2267 29
3870 30
3118 31
748 32
1217 33
401 34
2108 35
3953 36
1972 37
1343 38
1980 39
661 40
47 41
3070 42
1031 43
3526 44
1189 45
2926 46
2308 47
96 48
1317 49
2528 50
154 51
98 52
1740 53
2553 54
1760 55
587 56
108 57
1347 58
2623 59
2182 60
1628 61
1977 62
1985 63
3053 64
2770 65
2438 66
1863 67
1784 68
3294 69
3126 70
2888 71
1972 72
2509 73
1182 74
2286 75
920 76
2289 77
2855 78
176 79
3483 80
904 81
487 82
1488 83
378 84
2669 85
986 86
2926 87
1147 88
37 89
2078 90
3768 91
3384 92
3028 93
3520 94
1732 95
3941 96
1367 97
414 98
1999 99
1173 100
342 101
1689 102
3742 103
2197 104
3957 105
931 106
2900 107
1171 108
2330 109
3763 110
1277 111
3654 112
2306 113
3055 114
532 115
678 116
464 117
2289 118
3017 119
2808 120
2472 121
3055 122
3487 123
1103 124
874 125
1220 126
1934 127
3525 128
2470 129
3359 130
272 131
2440 132
934 133
884 134
3956 135
3328 136
814 137
697 138
1893 139
3802 140
890 141
3911 142
779 143
2553 144
1449 145
3644 146
1238 147
3500 148
1850 149
147 150
272 151
972 152
1763 153
1264 154
1180 155
1085 156
1826 157
1331 158
198 159
2056 160
1396 161
558 162
2521 163
1672 164
4 165
1507 166
2877 167
282 168
2448 169
448 170
2021 171
1882 172
3428 173
2551 174
798 175
1117 176
3410 177
2028 178
163 179
463 180
618 181
2289 182
2972 183
84 184
125 185
1733 186
1394 187
3866 188
2293 189
1040 190
1595 191
503 192
15 193
1192 194
1417 195
2848 196
1137 197
3078 198
196 199
351 200
3468 201
3145 202
672 203
3690 204
3073 205
1815 206
988 207
3092 208
2033 209
1582 210
3037 211
2972 212
2798 213
2165 214
2718 215
713 216
3969 217
3398 218
3822 219
1151 220
3739 221
1815 222
2356 223
3483 224
717 225
3113 226
1859 227
249 228
2920 229
2580 230
1512 231
3413 232
3506 233
2291 234
1542 235
575 236
254 237
1327 238
918 239
2920 240
1537 241
1608 242
3185 243
2477 244
3488 245
3106 246
3361 247
672 248
1161 249
1988 250
1016 251
3777 252
1045 253
779 254
1954 255
2605 256
2399 257
3069 258
2021 259
2079 260
3187 261
3854 262
1472 263
2530 264
2266 265
2452 266
3460 267
1175 268
1030 269
3096 270
3821 271
2332 272
951 273
3885 274
1129 275
3811 276
3147 277
3722 278
2495 279
2097 280
1273 281
879 282
1665 283
3947 284
3328 285
3384 286
3325 287
3136 288
2946 289
3332 290
1778 291
3042 292
279 293
3421 294
655 295
3389 296
414 297
1408 298
2328 299
774 300
760 301
2436 302
1996 303
951 304
3758 305
1017 306
3539 307
2205 308
1030 309
723 310
637 311
2150 312
3021 313
1073 314
1830 315
672 316
3248 317
1046 318
213 319
1637 320
27 321
3040 322
2900 323
1119 324
3763 325
2123 326
3829 327
2849 328
3949 329
187 330
564 331
107 332
2775 333
3526 334
1464 335
461 336
1076 337
1109 338
3574 339
3296 340
2387 341
864 342
2866 343
2085 344
99 345
1435 346
2497 347
409 348
1873 349
3473 350
2761 351
305 352
1892 353
937 354
3572 355
3174 356
1492 357
1714 358
1954 359
1874 360
2370 361
2797 362
2959 363
1110 364
828 365
553 366
647 367
3281 368
2435 369
981 370
2239 371
2899 372
3618 373
2877 374
2639 375
1505 376
710 377
1321 378
1937 379
2518 380
2911 381
1082 382
1462 383
3961 384
2918 385
302 386
1847 387
2136 388
1794 389
1595 390
933 391
36 392
1145 393
1184 394
2608 395
1220 396
2270 397
1661 398
749 399
751 400
1084 401
2944 402
500 403
3557 404
790 405
2848 406
3167 407
465 408
3938 409
1882 410
1962 411
1145 412
1239 413
403 414
1841 415
2056 416
1618 417
1026 418
1865 419
2307 420
3528 421
1913 422
1438 423
1143 424
3896 425
1712 426
893 427
1795 428
628 429
2777 430
1643 431
2876 432
2222 433
305 434
3855 435
2628 436
559 437
1272 438
1893 439
3062 440
3012 441
3771 442
2218 443
583 444
2253 445
3313 446
3420 447
3871 448
953 449
217 450
1326 451
2481 452
726 453
629 454
3249 455
2302 456
928 457
3640 458
704 459
2956 460
2207 461
3604 462
1221 463
2136 464
3329 465
159 466
1095 467
2163 468
2522 469
1963 470
1892 471
1985 472
2756 473
2889 474
1954 475
3845 476
1898 477
3664 478
64 479
3796 480
3875 481
3453 482
1365 483
1274 484
3437 485
913 486
990 487
1681 488
30 489
1783 490
3421 491
498 492
1811 493
3984 494
768 495
196 496
422 497
273 498
508 499
2211 500
1025 501
3470 502
879 503
2081 504
2875 505
1464 506
3754 507
1308 508
1952 509
2020 510
72 511
1350 512
2644 513
3895 514
3427 515
1933 516
2772 517
3410 518
558 519
403 520
2574 521
1127 522
2900 523
328 524
326 525
2850 526
2805 527
3375 528
1315 529
2144 530
485 531
3380 532
2863 533
2863 534
1502 535
738 536
862 537
3574 538
3195 539
277 540
3974 541
1606 542
1367 543
2391 544
1670 545
1814 546
2225 547
1972 548
3992 549
714 550
29 551
372 552
1938 553
3131 554
48 555
1585 556
211 557
3229 558
3380 559
2816 560
1776 561
196 562
1934 563
2328 564
285 565
206 566
2888 567
2430 568
257 569
826 570
372 571
3369 572
1278 573
488 574
422 575
2254 576
2050 577
911 578
3269 579
584 580
3647 581
1486 582
3323 583
3923 584
3042 585
2784 586
3575 587
226 588
763 589
1032 590
317 591
3667 592
519 593
582 594
332 595
86 596
3391 597
2611 598
1657 599
3849 600
529 601
3604 602
3805 603
1924 604
1510 605
3912 606
3094 607
2655 608
2283 609
3714 610
1964 611
1286 612
3437 613
1585 614
672 615
3645 616
3023 617
2713 618
537 619
2056 620
810 621
931 622
2674 623
3320 624
3983 625
3609 626
651 627
811 628
721 629
458 630
3839 631
1804 632
1786 633
337 634
1219 635
1165 636
2952 637
428 638
1095 639
2266 640
1483 641
3970 642
302 643
2055 644
2658 645
206 646
3737 647
1688 648
3298 649
638 650
3505 651
2261 652
31 653
793 654
3752 655
1233 656
319 657
1495 658
172 659
2224 660
3664 661
1183 662
1099 663
2344 664
748 665
549 666
118 667
3382 668
3830 669
571 670
1148 671
2030 672
949 673
1766 674
2033 675
40 676
2809 677
726 678
1498 679
976 680
3272 681
3679 682
3867 683
8 684
756 685
345 686
2911 687
453 688
3368 689
1577 690
3392 691
2665 692
1684 693
319 694
362 695
3572 696
1035 697
958 698
428 699
3939 700
2643 701
3675 702
307 703
3529 704
1871 705
2591 706
2682 707
3321 708
3751 709
3288 710
3687 711
2563 712
672 713
3553 714
3861 715
2111 716
1746 717
1811 718
1158 719
97 720
3317 721
2239 722
1938 723
602 724
3119 725
1889 726
3716 727
2439 728
3522 729
720 730
476 731
721 732
49 733
1864 734
3359 735
440 736
3382 737
3331 738
3399 739
2465 740
1670 741
3540 742
681 743
3659 744
1134 745
1146 746
2882 747
2029 748
106 749
2219 750
3600 751
3914 752
402 753
3133 754
37 755
1638 756
2 757
1949 758
2468 759
826 760
3562 761
2593 762
2322 763
211 764
3837 765
1456 766
312 767
3186 768
2857 769
1496 770
558 771
3115 772
1116 773
1544 774
491 775
1062 776
1353 777
3288 778
1161 779
929 780
288 781
876 782
3994 783
667 784
2095 785
1154 786
1310 787
3118 788
156 789
370 790
3952 791
176 792
632 793
2919 794
2576 795
3973 796
904 797
2770 798
3663 799
2701 800
1448 801
2080 802
3897 803
3523 804
184 805
691 806
2987 807
1946 808
1999 809
2905 810
3114 811
1729 812
420 813
542 814
939 815
1212 816
3958 817
3537 818
2234 819
260 820
2217 821
1783 822
1507 823
3139 824
3755 825
3869 826
124 827
1157 828
384 829
2037 830
3280 831
13 832
1726 833
134 834
1546 835
1358 836
392 837
1217 838
1123 839
3861 840
1263 841
2218 842
1013 843
3515 844
237 845
2911 846
1876 847
2596 848
568 849
1311 850
3959 851
637 852
3596 853
3448 854
1616 855
3168 856
3102 857
3654 858
229 859
428 860
3052 861
2720 862
1308 863
727 864
2444 865
2212 866
1140 867
2384 868
3753 869
2826 870
3331 871
3736 872
1030 873
464 874
2471 875
362 876
1741 877
2080 878
124 879
1508 880
1039 881
238 882
2197 883
780 884
1436 885
1814 886
2470 887
481 888
3214 889
629 890
1061 891
1635 892
1060 893
3363 894
1693 895
2869 896
746 897
2033 898
2325 899
1296 900
1138 901
2785 902
3713 903
2063 904
2650 905
1380 906
2036 907
3957 908
3708 909
649 910
1393 911
3019 912
1110 913
3396 914
2197 915
3076 916
1118 917
2460 918
2138 919
3622 920
2346 921
62 922
3882 923
1654 924
979 925
571 926
3317 927
1986 928
0 929
2468 930
3072 931
113 932
1983 933
165 934
3894 935
3193 936
1714 937
502 938
1801 939
2504 940
1749 941
40 942
1751 943
1874 944
2696 945
1430 946
2225 947
1647 948
3203 949
796 950
2807 951
2469 952
2875 953
1977 954
1275 955
3082 956
3413 957
849 958
984 959
1298 960
1278 961
399 962
3031 963
362 964
203 965
3511 966
1656 967
1594 968
144 969
1259 970
2339 971
3135 972
3015 973
871 974
1458 975
2458 976
3308 977
592 978
1275 979
1041 980
3536 981
3817 982
418 983
3913 984
246 985
1675 986
1613 987
3399 988
2734 989
1036 990
1850 991
3745 992
2382 993
1457 994
2932 995
1643 996
3055 997
1145 998
3639 999
1438 1000
184 1001
2597 1002
2235 1003
2704 1004
490 1005
2321 1006
1336 1007
2996 1008
2202 1009
3206 1010
1997 1011
3343 1012
598 1013
404 1014
139 1015
1364 1016
3352 1017
30 1018
612 1019
1840 1020
443 1021
2855 1022
2013 1023
3659 1024
417 1025
2122 1026
511 1027
2313 1028
2231 1029
2898 1030
2442 1031
823 1032
3813 1033
3453 1034
3205 1035
773 1036
1657 1037
124 1038
1804 1039
1357 1040
1913 1041
3243 1042
1445 1043
1850 1044
293 1045
3638 1046
1324 1047
739 1048
1960 1049
3067 1050
3919 1051
2916 1052
1647 1053
3048 1054
2949 1055
3086 1056
3205 1057
1598 1058
3528 1059
305 1060
669 1061
956 1062
3847 1063
3776 1064
1429 1065
2730 1066
1487 1067
333 1068
3047 1069
911 1070
399 1071
2035 1072
3396 1073
2256 1074
1509 1075
870 1076
2951 1077
726 1078
3393 1079
2864 1080
1936 1081
2222 1082
3082 1083
1190 1084
1851 1085
335 1086
361 1087
1596 1088
3218 1089
1997 1090
1849 1091
1689 1092
539 1093
3965 1094
2112 1095
328 1096
3637 1097
3556 1098
2703 1099
2359 1100
2117 1101
928 1102
760 1103
1809 1104
15 1105
974 1106
422 1107
1385 1108
1342 1109
2274 1110
862 1111
2932 1112
2770 1113
2501 1114
679 1115
1224 1116
2881 1117
983 1118
360 1119
1665 1120
2947 1121
3466 1122
3878 1123
2193 1124
992 1125
2553 1126
791 1127
3803 1128
3339 1129
922 1130
1948 1131
2291 1132
1898 1133
1154 1134
3721 1135
18 1136
2357 1137
237 1138
2213 1139
2102 1140
3039 1141
3276 1142
1768 1143
1746 1144
2388 1145
1161 1146
1670 1147
2691 1148
1678 1149
3525 1150
394 1151
1753 1152
1472 1153
1447 1154
1061 1155
183 1156
1739 1157
3393 1158
1223 1159
2974 1160
60 1161
744 1162
1403 1163
1380 1164
548 1165
2437 1166
3534 1167
1644 1168
3794 1169
1532 1170
3061 1171
44 1172
2282 1173
963 1174
1484 1175
50 1176
3004 1177
990 1178
826 1179
2836 1180
535 1181
2522 1182
2949 1183
487 1184
1077 1185
585 1186
1043 1187
3768 1188
1313 1189
1100 1190
1400 1191
2233 1192
3752 1193
186 1194
3887 1195
2929 1196
1534 1197
379 1198
981 1199
560 1200
2079 1201
1958 1202
742 1203
1054 1204
3004 1205
1045 1206
3379 1207
1003 1208
2753 1209
2952 1210
2666 1211
1062 1212
1459 1213
1933 1214
3769 1215
2423 1216
3081 1217
1232 1218
954 1219
1957 1220
1777 1221
2361 1222
2501 1223
2560 1224
911 1225
3841 1226
3789 1227
1144 1228
1872 1229
1512 1230
3028 1231
1999 1232
3130 1233
886 1234
3136 1235
1924 1236
1593 1237
134 1238
1418 1239
1457 1240
3854 1241
692 1242
764 1243
1249 1244
1772 1245
939 1246
3379 1247
1723 1248
2042 1249
3009 1250
2266 1251
1957 1252
2493 1253
1510 1254
1567 1255
182 1256
1317 1257
1909 1258
913 1259
7 1260
3686 1261
965 1262
1647 1263
3608 1264
1148 1265
3012 1266
1641 1267
3153 1268
363 1269
1036 1270
1981 1271
3093 1272
2853 1273
3011 1274
1234 1275
2734 1276
1826 1277
3478 1278
1035 1279
2054 1280
746 1281
3726 1282
2118 1283
3622 1284
160 1285
692 1286
1178 1287
1135 1288
1775 1289
833 1290
197 1291
1077 1292
2112 1293
450 1294
3765 1295
3417 1296
920 1297
1174 1298
3803 1299
2258 1300
244 1301
2716 1302
1720 1303
1457 1304
3686 1305
1095 1306
2700 1307
2889 1308
2301 1309
2063 1310
1098 1311
1846 1312
2504 1313
99 1314
3761 1315
269 1316
487 1317
1433 1318
414 1319
232 1320
963 1321
2584 1322
1808 1323
707 1324
1776 1325
437 1326
879 1327
3106 1328
1569 1329
286 1330
2890 1331
3733 1332
1465 1333
2135 1334
927 1335
2994 1336
3264 1337
1980 1338
3549 1339
2574 1340
1890 1341
128 1342
2875 1343
435 1344
2815 1345
2657 1346
2441 1347
284 1348
3571 1349
954 1350
3569 1351
2144 1352
2183 1353
164 1354
1524 1355
3309 1356
1095 1357
1274 1358
2277 1359
2133 1360
2722 1361
104 1362
497 1363
1298 1364
671 1365
1264 1366
813 1367
1695 1368
1696 1369
2583 1370
1354 1371
942 1372
1171 1373
279 1374
1061 1375
3242 1376
267 1377
2765 1378
1731 1379
803 1380
286 1381
2907 1382
2725 1383
2089 1384
3260 1385
691 1386
728 1387
1125 1388
923 1389
2049 1390
3121 1391
3527 1392
660 1393
1566 1394
3560 1395
205 1396
1386 1397
3494 1398
1377 1399
1712 1400
2012 1401
755 1402
2049 1403
2078 1404
1877 1405
1283 1406
3855 1407
692 1408
653 1409
1384 1410
987 1411
1363 1412
668 1413
802 1414
1758 1415
233 1416
352 1417
3215 1418
1040 1419
3059 1420
1434 1421
1819 1422
2176 1423
2540 1424
29 1425
820 1426
862 1427
1647 1428
3333 1429
2528 1430
1178 1431
3449 1432
1853 1433
3816 1434
1827 1435
3614 1436
3523 1437
1005 1438
2946 1439
3982 1440
2252 1441
1896 1442
3479 1443
288 1444
3345 1445
74 1446
3631 1447
511 1448
3357 1449
3629 1450
2540 1451
3536 1452
3187 1453
403 1454
2329 1455
1090 1456
2659 1457
2851 1458
2688 1459
3588 1460
638 1461
1548 1462
2001 1463
3222 1464
1315 1465
62 1466
797 1467
2201 1468
2347 1469
1746 1470
2769 1471
3999 1472
2817 1473
46 1474
2138 1475
1296 1476
749 1477
1141 1478
2104 1479
3142 1480
3064 1481
2301 1482
3981 1483
779 1484
453 1485
931 1486
3034 1487
154 1488
336 1489
3864 1490
2877 1491
1633 1492
2591 1493
1493 1494
1684 1495
2618 1496
2873 1497
1343 1498
1549 1499
3267 1500
1750 1501
2611 1502
298 1503
971 1504
251 1505
75 1506
128 1507
357 1508
1397 1509
997 1510
973 1511
562 1512
3424 1513
2130 1514
3676 1515
3423 1516
1608 1517
1979 1518
2484 1519
2612 1520
532 1521
958 1522
1192 1523
3885 1524
2054 1525
2696 1526
2423 1527
1666 1528
3327 1529
2478 1530
3333 1531
667 1532
1236 1533
2222 1534
758 1535
2367 1536
2240 1537
2188 1538
3226 1539
2452 1540
3207 1541
3841 1542
3999 1543
911 1544
3118 1545
863 1546
720 1547
3891 1548
530 1549
865 1550
3040 1551
2149 1552
3087 1553
1679 1554
3327 1555
2895 1556
3257 1557
1663 1558
2307 1559
3664 1560
318 1561
3830 1562
3695 1563
2076 1564
866 1565
3133 1566
869 1567
3414 1568
1585 1569
1611 1570
3635 1571
1661 1572
2384 1573
3888 1574
373 1575
596 1576
3076 1577
3418 1578
232 1579
968 1580
2493 1581
907 1582
609 1583
1315 1584
71 1585
3902 1586
1667 1587
1495 1588
1191 1589
2075 1590
3276 1591
3477 1592
2246 1593
2952 1594
3928 1595
2876 1596
3938 1597
867 1598
1473 1599
3028 1600
747 1601
229 1602
3946 1603
3096 1604
214 1605
3611 1606
3082 1607
3052 1608
1619 1609
1329 1610
1168 1611
120 1612
766 1613
2841 1614
3395 1615
3399 1616
465 1617
506 1618
463 1619
509 1620
2687 1621
174 1622
2370 1623
2833 1624
1896 1625
3380 1626
957 1627
2546 1628
1589 1629
3207 1630
3454 1631
2291 1632
1897 1633
3244 1634
948 1635
2068 1636
2359 1637
1148 1638
3482 1639
918 1640
3583 1641
523 1642
1385 1643
3445 1644
473 1645
102 1646
154 1647
1062 1648
3761 1649
667 1650
1379 1651
2915 1652
443 1653
3340 1654
1854 1655
614 1656
1455 1657
272 1658
239 1659
3820 1660
2272 1661
2136 1662
1129 1663
1825 1664
353 1665
978 1666
1836 1667
1155 1668
2051 1669
3138 1670
1501 1671
2887 1672
1972 1673
2664 1674
2026 1675
2943 1676
1855 1677
3317 1678
2457 1679
2057 1680
169 1681
1247 1682
3295 1683
755 1684
318 1685
2446 1686
1863 1687
3244 1688
2764 1689
932 1690
1308 1691
1315 1692
3136 1693
1913 1694
317 1695
3291 1696
3442 1697
172 1698
2123 1699
2226 1700
1503 1701
3904 1702
1222 1703
29 1704
2266 1705
3301 1706
197 1707
1178 1708
442 1709
958 1710
2741 1711
1804 1712
2061 1713
1716 1714
3629 1715
1350 1716
262 1717
2030 1718
1499 1719
1357 1720
2125 1721
568 1722
3870 1723
2708 1724
3023 1725
1907 1726
778 1727
1070 1728
536 1729
617 1730
3583 1731
1718 1732
2400 1733
3808 1734
1727 1735
3200 1736
82 1737
2175 1738
731 1739
3735 1740
1110 1741
3637 1742
2283 1743
3349 1744
1178 1745
1787 1746
326 1747
600 1748
1047 1749
3144 1750
434 1751
710 1752
3914 1753
287 1754
2087 1755
2000 1756
1461 1757
814 1758
202 1759
2511 1760
1954 1761
1778 1762
3222 1763
2490 1764
1175 1765
500 1766
463 1767
2645 1768
3310 1769
1688 1770
421 1771
583 1772
2215 1773
1956 1774
2227 1775
3901 1776
683 1777
1807 1778
2883 1779
2607 1780
3061 1781
3570 1782
1938 1783
3984 1784
2850 1785
1275 1786
3957 1787
2166 1788
2961 1789
1823 1790
1266 1791
1956 1792
543 1793
2240 1794
920 1795
2973 1796
2657 1797
701 1798
2166 1799
2015 1800
2799 1801
773 1802
3330 1803
869 1804
1275 1805
3970 1806
2539 1807
2249 1808
369 1809
1569 1810
3177 1811
2063 1812
1614 1813
1459 1814
2659 1815
2453 1816
3325 1817
3085 1818
2111 1819
1541 1820
2617 1821
72 1822
2893 1823
75 1824
2053 1825
1675 1826
2018 1827
3742 1828
3599 1829
2339 1830
3046 1831
2253 1832
846 1833
2358 1834
2485 1835
1459 1836
1200 1837
2654 1838
1661 1839
1460 1840
2779 1841
3865 1842
1435 1843
3837 1844
3920 1845
3992 1846
2263 1847
3706 1848
2585 1849
2467 1850
3526 1851
1252 1852
3910 1853
2449 1854
1754 1855
3361 1856
3014 1857
2974 1858
2756 1859
3708 1860
512 1861
3867 1862
3168 1863
1524 1864
3892 1865
1615 1866
2100 1867
3839 1868
1417 1869
2106 1870
1595 1871
2987 1872
2457 1873
3061 1874
3368 1875
3510 1876
422 1877
2629 1878
1668 1879
2118 1880
353 1881
935 1882
3290 1883
2601 1884
1664 1885
3911 1886
1869 1887
864 1888
2176 1889
3923 1890
2714 1891
2430 1892
234 1893
2751 1894
1342 1895
1281 1896
3908 1897
2713 1898
1957 1899
2881 1900
2437 1901
1661 1902
817 1903
2501 1904
855 1905
1024 1906
2697 1907
3617 1908
3087 1909
2233 1910
3315 1911
3871 1912
2268 1913
1985 1914
1638 1915
727 1916
3411 1917
711 1918
350 1919
66 1920
2760 1921
599 1922
2873 1923
2954 1924
3068 1925
3958 1926
918 1927
2250 1928
403 1929
3509 1930
3368 1931
1928 1932
3252 1933
2468 1934
717 1935
3816 1936
1148 1937
798 1938
3093 1939
732 1940
275 1941
2272 1942
1833 1943
1464 1944
2340 1945
1722 1946
931 1947
3864 1948
2915 1949
964 1950
715 1951
3703 1952
3758 1953
3654 1954
2767 1955
113 1956
1638 1957
1951 1958
103 1959
1401 1960
3051 1961
1381 1962
1104 1963
2055 1964
170 1965
1350 1966
1619 1967
3034 1968
3188 1969
2047 1970
2030 1971
2219 1972
2475 1973
2215 1974
3295 1975
2677 1976
1238 1977
975 1978
3957 1979
137 1980
3222 1981
2425 1982
3455 1983
232 1984
342 1985
125 1986
1445 1987
3998 1988
3370 1989
936 1990
979 1991
3937 1992
1704 1993
2144 1994
2056 1995
1516 1996
348 1997
1298 1998
1032 1999
2204 2000
1247 2001
3592 2002
287 2003
549 2004
824 2005
864 2006
949 2007
619 2008
2263 2009
1788 2010
1062 2011
1211 2012
1297 2013
2677 2014
3059 2015
1277 2016
770 2017
1944 2018
565 2019
3029 2020
518 2021
1500 2022
2528 2023
1206 2024
544 2025
398 2026
2866 2027
2460 2028
972 2029
486 2030
1056 2031
2873 2032
1765 2033
139 2034
736 2035
2130 2036
1699 2037
2005 2038
3754 2039
1896 2040
3285 2041
214 2042
1860 2043
10 2044
1956 2045
2819 2046
3962 2047
1449 2048
2307 2049
1871 2050
1176 2051
371 2052
348 2053
487 2054
3115 2055
348 2056
2423 2057
3094 2058
3631 2059
3545 2060
487 2061
2421 2062
3606 2063
2315 2064
1989 2065
632 2066
187 2067
1897 2068
2964 2069
2956 2070
896 2071
2991 2072
3960 2073
2208 2074
779 2075
271 2076
692 2077
1115 2078
2566 2079
102 2080
395 2081
1755 2082
512 2083
2193 2084
2208 2085
2971 2086
3023 2087
296 2088
2805 2089
626 2090
3989 2091
807 2092
500 2093
3106 2094
1639 2095
2294 2096
716 2097
2669 2098
1753 2099
2635 2100
3614 2101
2976 2102
819 2103
1497 2104
137 2105
899 2106
62 2107
0 2108
1525 2109
3827 2110
134 2111
203 2112
2350 2113
854 2114
1343 2115
2356 2116
2247 2117
527 2118
3071 2119
386 2120
1088 2121
2907 2122
2966 2123
1414 2124
3729 2125
199 2126
3078 2127
665 2128
1754 2129
36 2130
3437 2131
3637 2132
826 2133
258 2134
3086 2135
2893 2136
1812 2137
494 2138
1334 2139
1667 2140
1285 2141
2017 2142
3682 2143
3387 2144
3003 2145
955 2146
2754 2147
2366 2148
3654 2149
1185 2150
1170 2151
2746 2152
281 2153
1988 2154
261 2155
3653 2156
3825 2157
3310 2158
3928 2159
3133 2160
2394 2161
411 2162
1695 2163
2486 2164
2658 2165
3290 2166
1421 2167
1209 2168
2149 2169
427 2170
644 2171
1733 2172
2743 2173
1785 2174
861 2175
3505 2176
2042 2177
2906 2178
3491 2179
2106 2180
2907 2181
1977 2182
1518 2183
2722 2184
3243 2185
2498 2186
3830 2187
2233 2188
3705 2189
43 2190
507 2191
1984 2192
2064 2193
1219 2194
1939 2195
3171 2196
1582 2197
1078 2198
531 2199
2787 2200
2172 2201
1227 2202
1293 2203
3176 2204
1202 2205
1927 2206
2617 2207
21 2208
2869 2209
3268 2210
1377 2211
1212 2212
1785 2213
2001 2214
1342 2215
357 2216
525 2217
1068 2218
2688 2219
27 2220
2876 2221
1832 2222
3976 2223
3635 2224
753 2225
1856 2226
857 2227
692 2228
3605 2229
443 2230
2524 2231
3520 2232
2635 2233
396 2234
3622 2235
754 2236
3423 2237
51 2238
1330 2239
2527 2240
3978 2241
3455 2242
3361 2243
1060 2244
3619 2245
692 2246
3446 2247
1250 2248
189 2249
2052 2250
1609 2251
3354 2252
844 2253
2882 2254
2894 2255
3488 2256
2983 2257
2692 2258
3584 2259
1163 2260
2692 2261
3581 2262
3730 2263
1603 2264
813 2265
2505 2266
450 2267
1760 2268
1283 2269
2183 2270
3886 2271
3055 2272
1676 2273
448 2274
2071 2275
3422 2276
3243 2277
131 2278
352 2279
692 2280
2937 2281
3134 2282
732 2283
364 2284
568 2285
2857 2286
672 2287
1784 2288
1752 2289
1975 2290
1437 2291
3030 2292
816 2293
557 2294
2336 2295
3957 2296
3030 2297
3527 2298
2749 2299
696 2300
887 2301
162 2302
1732 2303
1804 2304
738 2305
1488 2306
918 2307
3188 2308
3420 2309
3456 2310
3855 2311
3030 2312
1334 2313
3478 2314
2513 2315
2196 2316
1223 2317
2005 2318
1178 2319
3333 2320
3676 2321
265 2322
3657 2323
834 2324
680 2325
259 2326
2759 2327
415 2328
966 2329
2492 2330
1875 2331
3284 2332
3135 2333
1518 2334
2948 2335
1678 2336
1779 2337
2443 2338
501 2339
1364 2340
2917 2341
2321 2342
991 2343
1251 2344
435 2345
3865 2346
3087 2347
1075 2348
3696 2349
735 2350
2424 2351
773 2352
1024 2353
2698 2354
3558 2355
416 2356
962 2357
1364 2358
484 2359
2132 2360
3808 2361
1670 2362
3276 2363
3125 2364
1524 2365
401 2366
95 2367
1878 2368
918 2369
287 2370
821 2371
3072 2372
3811 2373
2056 2374
2211 2375
153 2376
2592 2377
850 2378
3341 2379
3357 2380
1269 2381
3180 2382
2452 2383
3821 2384
1041 2385
277 2386
1730 2387
1981 2388
1792 2389
1573 2390
2653 2391
162 2392
276 2393
1680 2394
2274 2395
793 2396
1928 2397
303 2398
2236 2399
1628 2400
3535 2401
3958 2402
321 2403
2207 2404
427 2405
360 2406
2094 2407
934 2408
1926 2409
1139 2410
2876 2411
1246 2412
1224 2413
1640 2414
125 2415
3569 2416
655 2417
968 2418
2173 2419
2934 2420
2994 2421
3645 2422
3178 2423
2580 2424
2898 2425
896 2426
3127 2427
3643 2428
510 2429
71 2430
393 2431
3503 2432
764 2433
2439 2434
2624 2435
1633 2436
372 2437
1115 2438
3680 2439
2176 2440
3066 2441
1975 2442
2843 2443
2408 2444
3569 2445
3098 2446
2115 2447
1329 2448
1278 2449
994 2450
3960 2451
3159 2452
77 2453
1310 2454
1656 2455
2126 2456
890 2457
1446 2458
275 2459
709 2460
86 2461
1146 2462
3487 2463
2376 2464
3812 2465
3388 2466
1326 2467
3491 2468
3930 2469
1995 2470
1966 2471
935 2472
3542 2473
1592 2474
2011 2475
2077 2476
1886 2477
3819 2478
2098 2479
3347 2480
337 2481
2523 2482
1364 2483
1910 2484
1231 2485
0 2486
1416 2487
1756 2488
3783 2489
1235 2490
2505 2491
3995 2492
2280 2493
3666 2494
2138 2495
1965 2496
1374 2497
2436 2498
1355 2499
843 2500
1864 2501
2522 2502
2382 2503
3572 2504
918 2505
1965 2506
1282 2507
1024 2508
1488 2509
8 2510
2020 2511
1689 2512
2981 2513
738 2514
1392 2515
1731 2516
3765 2517
2981 2518
2627 2519
1194 2520
1737 2521
502 2522
268 2523
1178 2524
289 2525
305 2526
3288 2527
2995 2528
2186 2529
3099 2530
2700 2531
966 2532
1545 2533
1602 2534
2918 2535
369 2536
657 2537
118 2538
1233 2539
3345 2540
382 2541
10 2542
2324 2543
2604 2544
3094 2545
3949 2546
1908 2547
1809 2548
1525 2549
501 2550
2974 2551
3705 2552
683 2553
2200 2554
2280 2555
3460 2556
1859 2557
3949 2558
2053 2559
1736 2560
1385 2561
2518 2562
1807 2563
2263 2564
373 2565
3985 2566
1145 2567
2420 2568
2891 2569
2968 2570
2729 2571
1258 2572
1588 2573
2995 2574
2729 2575
376 2576
502 2577
2112 2578
2930 2579
3058 2580
358 2581
2734 2582
50 2583
1760 2584
2061 2585
3973 2586
1818 2587
768 2588
1534 2589
3266 2590
2781 2591
1163 2592
663 2593
3429 2594
1031 2595
218 2596
2234 2597
1095 2598
1962 2599
2145 2600
2840 2601
2575 2602
1072 2603
1143 2604
1286 2605
1100 2606
3860 2607
754 2608
1549 2609
435 2610
3852 2611
1287 2612
516 2613
2830 2614
3211 2615
140 2616
1634 2617
1352 2618
1157 2619
3350 2620
868 2621
884 2622
2421 2623
1343 2624
1872 2625
3115 2626
942 2627
2021 2628
114 2629
2454 2630
1904 2631
3576 2632
3616 2633
2421 2634
1214 2635
2472 2636
3760 2637
1417 2638
2021 2639
3126 2640
1160 2641
2243 2642
95 2643
1131 2644
2490 2645
277 2646
208 2647
44 2648
2016 2649
2434 2650
695 2651
2446 2652
698 2653
3189 2654
1771 2655
3093 2656
3696 2657
2824 2658
1850 2659
2293 2660
46 2661
263 2662
1577 2663
1102 2664
169 2665
2217 2666
1645 2667
751 2668
1182 2669
3614 2670
2234 2671
3659 2672
2063 2673
382 2674
3777 2675
2428 2676
2193 2677
2410 2678
3820 2679
1586 2680
2105 2681
1273 2682
493 2683
2553 2684
3600 2685
962 2686
2786 2687
1293 2688
3831 2689
3668 2690
1997 2691
1188 2692
1752 2693
3991 2694
226 2695
987 2696
784 2697
2132 2698
1852 2699
2632 2700
1581 2701
236 2702
827 2703
38 2704
2513 2705
2686 2706
2628 2707
907 2708
3050 2709
2231 2710
2472 2711
335 2712
480 2713
363 2714
2330 2715
3659 2716
1817 2717
606 2718
3899 2719
1618 2720
2750 2721
3946 2722
3001 2723
1864 2724
2040 2725
1861 2726
946 2727
2227 2728
3581 2729
937 2730
768 2731
2847 2732
3264 2733
2280 2734
1158 2735
824 2736
2183 2737
1033 2738
1767 2739
2143 2740
1804 2741
89 2742
3242 2743
794 2744
1068 2745
2571 2746
1790 2747
519 2748
2172 2749
3023 2750
1947 2751
3204 2752
344 2753
599 2754
1374 2755
265 2756
3334 2757
1784 2758
610 2759
1859 2760
2682 2761
2549 2762
417 2763
3488 2764
2951 2765
1698 2766
1085 2767
1439 2768
1014 2769
587 2770
3037 2771
984 2772
1142 2773
3218 2774
965 2775
626 2776
615 2777
1006 2778
2618 2779
1170 2780
142 2781
3749 2782
2745 2783
2870 2784
3330 2785
1839 2786
2810 2787
2650 2788
3304 2789
3175 2790
2304 2791
3864 2792
1241 2793
3204 2794
115 2795
1069 2796
151 2797
929 2798
317 2799
1609 2800
3976 2801
1558 2802
2668 2803
1352 2804
486 2805
1531 2806
2560 2807
2527 2808
592 2809
210 2810
2833 2811
502 2812
2177 2813
552 2814
3805 2815
1602 2816
3629 2817
1323 2818
1297 2819
1412 2820
2189 2821
2010 2822
2518 2823
1275 2824
2631 2825
1737 2826
3306 2827
1576 2828
1502 2829
3257 2830
2956 2831
2723 2832
1284 2833
1412 2834
3935 2835
1054 2836
2428 2837
2273 2838
478 2839
2061 2840
3338 2841
1929 2842
1882 2843
3196 2844
3502 2845
1202 2846
1457 2847
2888 2848
3629 2849
3289 2850
669 2851
1272 2852
1906 2853
838 2854
3881 2855
1292 2856
2685 2857
3072 2858
1784 2859
3924 2860
3742 2861
3319 2862
3180 2863
2820 2864
2595 2865
2730 2866
1035 2867
66 2868
424 2869
1182 2870
2619 2871
1702 2872
435 2873
1067 2874
756 2875
2954 2876
2491 2877
3351 2878
951 2879
1729 2880
3229 2881
3192 2882
3333 2883
331 2884
745 2885
2981 2886
1015 2887
435 2888
1107 2889
1473 2890
1764 2891
2311 2892
1374 2893
2458 2894
294 2895
532 2896
3522 2897
1735 2898
1979 2899
1701 2900
104 2901
2657 2902
1372 2903
1734 2904
2233 2905
842 2906
1005 2907
2304 2908
651 2909
2713 2910
2439 2911
2393 2912
1246 2913
1430 2914
3333 2915
1857 2916
1338 2917
272 2918
3217 2919
2151 2920
3491 2921
399 2922
93 2923
1179 2924
378 2925
319 2926
2038 2927
2864 2928
3495 2929
1215 2930
1548 2931
1671 2932
3023 2933
1776 2934
698 2935
3973 2936
1494 2937
1092 2938
66 2939
1137 2940
1525 2941
1572 2942
2952 2943
3808 2944
2412 2945
3242 2946
2617 2947
1388 2948
2137 2949
755 2950
358 2951
960 2952
3363 2953
695 2954
2239 2955
3566 2956
1649 2957
3017 2958
2127 2959
663 2960
735 2961
3754 2962
1173 2963
2504 2964
1258 2965
1220 2966
2208 2967
258 2968
1224 2969
3451 2970
870 2971
2635 2972
2283 2973
2077 2974
74 2975
1317 2976
3636 2977
663 2978
3632 2979
17 2980
2986 2981
1941 2982
1287 2983
2475 2984
1929 2985
3179 2986
220 2987
3913 2988
3961 2989
1781 2990
2722 2991
3365 2992
3364 2993
694 2994
3491 2995
2508 2996
2760 2997
820 2998
874 2999
601 3000
1841 3001
1263 3002
1345 3003
3767 3004
2518 3005
1574 3006
2774 3007
2385 3008
187 3009
917 3010
861 3011
3457 3012
980 3013
3130 3014
1559 3015
3302 3016
1521 3017
670 3018
3138 3019
678 3020
3368 3021
948 3022
3945 3023
3822 3024
1461 3025
487 3026
2233 3027
1435 3028
2481 3029
170 3030
1874 3031
3104 3032
783 3033
646 3034
2253 3035
971 3036
1702 3037
125 3038
1126 3039
1019 3040
2597 3041
2890 3042
1958 3043
2163 3044
1619 3045
37 3046
2412 3047
3707 3048
3081 3049
3919 3050
382 3051
2893 3052
645 3053
988 3054
2087 3055
1532 3056
499 3057
3505 3058
2743 3059
2572 3060
49 3061
3293 3062
3288 3063
3400 3064
2342 3065
170 3066
3119 3067
1010 3068
950 3069
1185 3070
590 3071
696 3072
1807 3073
939 3074
137 3075
3413 3076
1957 3077
3215 3078
61 3079
633 3080
1969 3081
1363 3082
2224 3083
3999 3084
2564 3085
1169 3086
1507 3087
2675 3088
3403 3089
1959 3090
663 3091
1872 3092
3590 3093
2895 3094
2177 3095
2595 3096
980 3097
3893 3098
3418 3099
932 3100
2401 3101
1141 3102
67 3103
1203 3104
1059 3105
2920 3106
1891 3107
730 3108
1311 3109
1808 3110
3260 3111
1858 3112
635 3113
2605 3114
2665 3115
3959 3116
2208 3117
1416 3118
3273 3119
1777 3120
974 3121
3716 3122
1926 3123
2792 3124
1233 3125
444 3126
1924 3127
2008 3128
3274 3129
2414 3130
786 3131
3841 3132
1035 3133
2219 3134
3352 3135
978 3136
3024 3137
1224 3138
2302 3139
3115 3140
2351 3141
3736 3142
1030 3143
1026 3144
3971 3145
1325 3146
2129 3147
2502 3148
195 3149
1928 3150
1277 3151
3447 3152
3216 3153
2941 3154
3206 3155
2616 3156
123 3157
522 3158
309 3159
1300 3160
3614 3161
588 3162
3068 3163
2508 3164
2823 3165
1165 3166
1514 3167
786 3168
3597 3169
2940 3170
2244 3171
3247 3172
3177 3173
1234 3174
565 3175
1992 3176
1663 3177
3855 3178
3791 3179
1757 3180
3349 3181
1686 3182
3709 3183
2051 3184
1669 3185
1141 3186
2911 3187
214 3188
2373 3189
158 3190
2213 3191
1716 3192
3386 3193
3034 3194
3721 3195
145 3196
41 3197
1175 3198
1724 3199
3611 3200
647 3201
1542 3202
1332 3203
1851 3204
1785 3205
2951 3206
2349 3207
2675 3208
1226 3209
2177 3210
534 3211
1308 3212
2920 3213
3937 3214
1540 3215
2932 3216
3872 3217
2521 3218
3290 3219
3847 3220
1454 3221
3808 3222
2805 3223
3093 3224
2069 3225
2450 3226
1171 3227
1645 3228
89 3229
2775 3230
1902 3231
902 3232
15 3233
239 3234
2927 3235
1447 3236
1607 3237
785 3238
112 3239
749 3240
831 3241
1986 3242
2943 3243
3448 3244
1070 3245
1350 3246
449 3247
213 3248
3340 3249
2860 3250
2068 3251
914 3252
2870 3253
282 3254
2234 3255
1849 3256
1200 3257
705 3258
856 3259
353 3260
1411 3261
1497 3262
478 3263
1239 3264
1272 3265
3849 3266
851 3267
2812 3268
3113 3269
1796 3270
115 3271
1160 3272
416 3273
1631 3274
1299 3275
590 3276
3984 3277
1716 3278
841 3279
3950 3280
1381 3281
992 3282
3392 3283
680 3284
3766 3285
1307 3286
719 3287
822 3288
2425 3289
3821 3290
890 3291
27 3292
1986 3293
13 3294
1801 3295
1410 3296
449 3297
3086 3298
1757 3299
2249 3300
2747 3301
275 3302
2931 3303
3928 3304
2672 3305
2725 3306
1111 3307
333 3308
2459 3309
2619 3310
1279 3311
3002 3312
1851 3313
3423 3314
726 3315
2088 3316
62 3317
717 3318
1272 3319
3814 3320
3847 3321
2411 3322
1489 3323
2505 3324
1508 3325
3214 3326
1221 3327
3852 3328
916 3329
887 3330
273 3331
312 3332
1485 3333
1185 3334
3479 3335
2306 3336
834 3337
3585 3338
2055 3339
1732 3340
1767 3341
3869 3342
2239 3343
3928 3344
160 3345
1852 3346
1771 3347
2365 3348
3079 3349
2136 3350
3977 3351
2261 3352
2333 3353
1972 3354
209 3355
819 3356
2682 3357
3403 3358
3574 3359
3153 3360
2841 3361
497 3362
3880 3363
2957 3364
2224 3365
2207 3366
1256 3367
1235 3368
1715 3369
1504 3370
558 3371
3847 3372
3889 3373
136 3374
3421 3375
2704 3376
3550 3377
983 3378
3335 3379
3666 3380
3477 3381
56 3382
1349 3383
394 3384
185 3385
950 3386
3657 3387
2427 3388
549 3389
1369 3390
376 3391
1327 3392
449 3393
3929 3394
3255 3395
1095 3396
3281 3397
1011 3398
2755 3399
144 3400
2120 3401
558 3402
3186 3403
1385 3404
3823 3405
314 3406
3973 3407
258 3408
374 3409
204 3410
3349 3411
1193 3412
3617 3413
2107 3414
3645 3415
3543 3416
1146 3417
559 3418
1276 3419
1446 3420
3411 3421
1045 3422
1030 3423
285 3424
331 3425
2365 3426
2734 3427
455 3428
142 3429
992 3430
3863 3431
1755 3432
2578 3433
56 3434
2824 3435
2995 3436
2359 3437
3091 3438
2352 3439
3501 3440
1909 3441
1288 3442
2195 3443
3073 3444
1734 3445
3092 3446
2797 3447
2535 3448
415 3449
116 3450
3067 3451
596 3452
877 3453
1581 3454
737 3455
3561 3456
3359 3457
2397 3458
2807 3459
3423 3460
668 3461
3543 3462
3251 3463
951 3464
2429 3465
375 3466
75 3467
197 3468
1242 3469
1275 3470
1255 3471
2440 3472
2722 3473
433 3474
952 3475
3892 3476
3750 3477
230 3478
3112 3479
1541 3480
3775 3481
461 3482
2440 3483
3342 3484
200 3485
2904 3486
2346 3487
2918 3488
973 3489
2378 3490
2788 3491
1632 3492
1096 3493
1352 3494
3206 3495
3714 3496
954 3497
241 3498
2236 3499
990 3500
1567 3501
1491 3502
3208 3503
1088 3504
759 3505
663 3506
2729 3507
398 3508
442 3509
1220 3510
2033 3511
344 3512
471 3513
1540 3514
196 3515
1218 3516
589 3517
963 3518
384 3519
731 3520
2693 3521
3660 3522
1778 3523
226 3524
1407 3525
2913 3526
41 3527
2504 3528
396 3529
284 3530
85 3531
165 3532
1137 3533
3175 3534
2435 3535
986 3536
368 3537
244 3538
1906 3539
3429 3540
3286 3541
3096 3542
1938 3543
888 3544
1664 3545
481 3546
1115 3547
1453 3548
288 3549
3217 3550
3466 3551
2563 3552
1691 3553
1784 3554
3390 3555
3129 3556
24 3557
2187 3558
839 3559
1127 3560
616 3561
3186 3562
685 3563
741 3564
485 3565
2813 3566
2942 3567
3509 3568
859 3569
3531 3570
2949 3571
3333 3572
3254 3573
1740 3574
2786 3575
3472 3576
1433 3577
1329 3578
1288 3579
3668 3580
3303 3581
477 3582
746 3583
1048 3584
1276 3585
567 3586
739 3587
355 3588
2477 3589
1972 3590
1443 3591
1036 3592
430 3593
3982 3594
2628 3595
2516 3596
3956 3597
1092 3598
3547 3599
2540 3600
819 3601
2237 3602
347 3603
432 3604
609 3605
2491 3606
2971 3607
2037 3608
1355 3609
1748 3610
2112 3611
3782 3612
1566 3613
2 3614
2178 3615
127 3616
3520 3617
3971 3618
3922 3619
3175 3620
3035 3621
3084 3622
3228 3623
2194 3624
2613 3625
3348 3626
1281 3627
2931 3628
283 3629
3008 3630
1986 3631
1080 3632
479 3633
332 3634
590 3635
2541 3636
3808 3637
2437 3638
1024 3639
3387 3640
3725 3641
1784 3642
3497 3643
1506 3644
1677 3645
2080 3646
1787 3647
3328 3648
636 3649
89 3650
2134 3651
2631 3652
1785 3653
3106 3654
2486 3655
1696 3656
365 3657
202 3658
2279 3659
3196 3660
2498 3661
1180 3662
170 3663
2244 3664
3666 3665
3528 3666
2454 3667
2908 3668
2583 3669
3101 3670
641 3671
2926 3672
3839 3673
706 3674
562 3675
618 3676
3099 3677
2913 3678
1757 3679
3180 3680
2402 3681
1761 3682
1533 3683
3854 3684
3994 3685
1794 3686
946 3687
2610 3688
3990 3689
2848 3690
3606 3691
1607 3692
3303 3693
3056 3694
2628 3695
282 3696
3111 3697
3331 3698
2858 3699
2893 3700
2718 3701
695 3702
2778 3703
664 3704
1716 3705
1448 3706
3033 3707
1244 3708
886 3709
3746 3710
1044 3711
723 3712
2253 3713
1209 3714
1197 3715
1767 3716
1425 3717
413 3718
3492 3719
850 3720
3285 3721
3278 3722
1851 3723
1743 3724
374 3725
1886 3726
1413 3727
2667 3728
3093 3729
141 3730
2830 3731
1725 3732
2078 3733
2509 3734
1525 3735
3716 3736
3806 3737
2902 3738
82 3739
3161 3740
2175 3741
1803 3742
1436 3743
2899 3744
3709 3745
3276 3746
872 3747
512 3748
3291 3749
3212 3750
614 3751
3403 3752
2502 3753
2181 3754
1926 3755
1882 3756
1093 3757
3869 3758
2678 3759
551 3760
3875 3761
1314 3762
142 3763
2457 3764
1257 3765
286 3766
1995 3767
3104 3768
3037 3769
115 3770
187 3771
3952 3772
3990 3773
16 3774
298 3775
1627 3776
1695 3777
692 3778
3562 3779
217 3780
3135 3781
3136 3782
2137 3783
965 3784
2767 3785
1269 3786
3801 3787
3065 3788
696 3789
984 3790
3789 3791
1742 3792
2564 3793
826 3794
1978 3795
730 3796
3919 3797
3160 3798
3712 3799
1666 3800
2809 3801
1547 3802
1425 3803
759 3804
1480 3805
121 3806
1582 3807
751 3808
3502 3809
523 3810
1820 3811
2323 3812
594 3813
2887 3814
1351 3815
2543 3816
3224 3817
1784 3818
52 3819
577 3820
3482 3821
2634 3822
1017 3823
1526 3824
1935 3825
2799 3826
1823 3827
3026 3828
2572 3829
1357 3830
220 3831
2407 3832
1297 3833
2646 3834
1996 3835
3664 3836
1564 3837
132 3838
887 3839
3001 3840
2342 3841
1221 3842
96 3843
1308 3844
2346 3845
3120 3846
3389 3847
2474 3848
1889 3849
619 3850
3866 3851
717 3852
532 3853
3376 3854
464 3855
733 3856
2903 3857
3880 3858
3942 3859
1576 3860
3922 3861
1043 3862
2605 3863
1593 3864
2824 3865
1180 3866
370 3867
1949 3868
3072 3869
3816 3870
2730 3871
1545 3872
1178 3873
2680 3874
1892 3875
365 3876
2045 3877
264 3878
1508 3879
114 3880
2272 3881
2261 3882
310 3883
3128 3884
141 3885
2645 3886
2702 3887
3158 3888
2496 3889
3412 3890
120 3891
1033 3892
1130 3893
2417 3894
2077 3895
643 3896
2916 3897
2370 3898
1799 3899
3555 3900
3387 3901
1897 3902
773 3903
3934 3904
1475 3905
635 3906
1183 3907
3382 3908
3592 3909
3604 3910
3945 3911
3638 3912
1930 3913
3732 3914
630 3915
578 3916
2181 3917
2401 3918
3015 3919
3380 3920
2366 3921
2824 3922
2838 3923
1207 3924
1562 3925
3435 3926
2405 3927
645 3928
3076 3929
831 3930
2172 3931
3926 3932
1694 3933
3188 3934
2793 3935
1266 3936
3729 3937
1458 3938
3150 3939
950 3940
3480 3941
3141 3942
1184 3943
2449 3944
1238 3945
223 3946
901 3947
2367 3948
3505 3949
884 3950
249 3951
2930 3952
3514 3953
724 3954
1647 3955
1939 3956
3087 3957
137 3958
3921 3959
772 3960
381 3961
394 3962
2606 3963
3452 3964
2237 3965
2782 3966
2618 3967
78 3968
75 3969
977 3970
3729 3971
1605 3972
2050 3973
3209 3974
2423 3975
3419 3976
2629 3977
3470 3978
1540 3979
617 3980
3656 3981
932 3982
2444 3983
354 3984
56 3985
3896 3986
2922 3987
3536 3988
1447 3989
3947 3990
1777 3991
740 3992
863 3993
7 3994
652 3995
1183 3996
3913 3997
155 3998
1536 3999

